gene_id gene_short_name locus ECT095_R1 ECT095_R2 ECT105_R1 ECT105_R2 ECT115_R1 ECT115_R2 ECT125_R1 ECT125_R2 MES095_R1 MES095_R2 MES105_R1 MES105_R2 MES115_R1 MES115_R2 MES125_R1 MES125_R2
ENSMUSG00000000125 Wnt3 chr11:103774149-103817957 597 1012 1183 1354 1304 1369 2870 1592 6 3 43 12 29 19 2 7
ENSMUSG00000000266 Mid2 chrX:140664598-140767715 363 809 531 879 849 815 1385 1108 124 99 100 65 143 74 121 109
ENSMUSG00000000303 Cdh1 chr8:106603350-106670246 4464 6147 7927 8122 7783 7287 9549 5976 41 30 244 32 147 64 29 5
ENSMUSG00000000402 Egfl6 chrX:166523006-166585720 66 96 252 283 206 183 188 113 8 1 36 10 30 12 33 25
ENSMUSG00000000673 Haao chr17:83831355-83846790 57 60 95 89 209 96 364 90 0 1 2 0 3 1 1 0
ENSMUSG00000000915 Hip1r chr5:123973627-124005558 541 685 635 842 1427 828 2024 1180 406 241 605 267 475 270 325 295
ENSMUSG00000001025 S100a6 chr3:90612881-90614414 279 356 566 552 656 631 413 323 24 14 64 22 48 18 71 23
ENSMUSG00000001247 Lsr chr7:30957769-30973464 1719 2411 2292 2441 3391 2283 3236 1716 443 209 1038 492 1024 426 1363 520
ENSMUSG00000001249 Hpn chr7:31098724-31115290 298 428 425 366 377 287 263 191 20 17 24 6 15 10 10 9
ENSMUSG00000001435 Col18a1 chr10:77052177-77166548 19436 25299 31984 26156 39934 24945 48827 22922 5097 2967 8234 2528 6537 2542 5867 2405
ENSMUSG00000001494 Sost chr11:101962457-101967015 457 574 1577 1533 2220 2402 949 1293 10 10 73 8 60 36 8 14
ENSMUSG00000001504 Irx2 chr13:72628819-72634198 136 174 206 371 255 286 286 230 54 74 15 10 29 10 126 46
ENSMUSG00000001507 Itga3 chr11:95044473-95076801 6773 9555 6963 6841 9571 6958 10121 6118 325 179 402 121 358 129 254 86
ENSMUSG00000001510 Dlx3 chr11:95120118-95125296 1487 3003 1514 1596 3219 2464 6516 2858 20 15 50 12 138 30 487 96
ENSMUSG00000001542 Ell2 chr13:75706756-75772364 405 788 469 766 814 870 827 760 231 240 149 133 214 140 181 206
ENSMUSG00000001552 Jup chr11:100370618-100397749 2623 3792 3575 3614 6885 4572 10426 4965 1062 632 1594 568 1726 623 2026 783
ENSMUSG00000001583 Tnk1 chr11:69851004-69858730 52 165 97 269 176 241 349 297 2 3 6 2 6 9 5 5
ENSMUSG00000001604 Tcea3 chr4:136247951-136274898 94 127 131 147 159 122 158 125 26 7 36 7 23 21 22 7
ENSMUSG00000001655 Hoxc13 chr15:102921102-102928814 9 31 399 498 1320 959 2720 1580 1 0 11 1 26 15 3 0
ENSMUSG00000001657 Hoxc8 chr15:102990606-102993821 754 1165 976 1072 405 576 109 175 86 65 18 6 9 4 0 0
ENSMUSG00000001672 Marveld3 chr8:109947913-109962203 18 30 52 91 71 86 135 88 2 0 2 1 2 2 6 3
ENSMUSG00000002266 Zim1 chr7:6671268-6696450 1553 3909 1862 4481 1326 2342 664 1948 458 834 152 171 68 75 40 64
ENSMUSG00000002384 Bmp8b chr4:123105164-123126091 15 34 43 77 129 147 203 171 0 0 5 1 6 5 0 3
ENSMUSG00000002475 Abhd3 chr18:10644410-10706771 30 34 39 59 91 94 53 40 4 3 6 2 15 6 4 5
ENSMUSG00000002668 Dennd1c chr17:57066055-57078510 36 60 24 45 86 92 25 65 4 0 2 3 11 7 4 5
ENSMUSG00000002799 Jag2 chr12:112907818-112929776 2830 5522 5026 7175 7484 6729 9121 6970 116 101 255 102 283 138 160 117
ENSMUSG00000002980 Bcam chr7:19756130-19771016 8488 9986 13498 11766 22433 12555 23951 12459 559 231 445 85 559 153 104 35
ENSMUSG00000003032 Klf4 chr4:55527142-55532466 42 92 136 208 768 492 842 529 28 18 24 11 62 40 145 46
ENSMUSG00000003134 Tbc1d8 chr1:39371491-39478755 76 138 216 330 223 283 523 302 36 31 92 42 55 50 162 100
ENSMUSG00000003153 Slc2a3 chr6:122727808-122801640 7397 12001 18299 21310 29281 28754 33548 23278 1449 1161 2023 1181 2434 1522 2855 1430
ENSMUSG00000003227 Edar chr10:58600788-58675654 647 1293 761 1300 1122 1110 1039 1009 31 22 343 296 126 261 195 165
ENSMUSG00000003271 Sult2b1 chr7:45729982-45784669 65 65 57 49 58 35 106 35 0 2 17 14 12 7 13 13
ENSMUSG00000003309 Ap1m2 chr9:21294612-21312337 896 1344 987 958 1524 1161 1996 1123 14 3 36 7 39 13 5 0
ENSMUSG00000003382 Etv3 chr3:87525406-87540156 930 1864 1335 1954 1927 1918 3358 2151 567 607 989 581 687 596 1160 684
ENSMUSG00000003534 Ddr1 chr17:35681566-35704621 2084 2639 3055 3065 5436 3872 9567 4133 166 97 418 147 459 210 522 303
ENSMUSG00000004113 Cacna1b chr2:24603886-24763152 511 853 665 795 900 791 1173 771 25 22 60 16 40 25 24 37
ENSMUSG00000004626 Stxbp2 chr8:3630954-3643644 568 918 673 924 1352 997 1525 1059 226 187 390 174 504 210 484 273
ENSMUSG00000004864 Mapk13 chr17:28769306-28778698 415 789 229 284 301 215 705 326 34 20 11 5 49 9 95 53
ENSMUSG00000004951 Hspb1 chr5:135887918-135889563 390 413 2106 1629 2048 1409 2549 999 34 7 108 19 95 36 126 31
ENSMUSG00000005087 Cd44 chr2:102811140-102901665 974 1287 1767 2629 1318 1520 706 641 176 75 150 69 183 92 265 83
ENSMUSG00000005148 Klf5 chr14:99298690-99315036 37 81 93 148 236 163 559 401 8 8 27 19 48 29 90 59
ENSMUSG00000005251 Ripk4 chr16:97741932-97763787 866 1701 1181 1368 1529 1288 3204 1646 22 5 46 16 49 14 24 7
ENSMUSG00000005968 Tuft1 chr3:94612756-94658872 157 268 271 445 522 484 643 471 63 71 131 76 143 74 116 102
ENSMUSG00000006143 Upk3bl chr5:136057190-136064326 47 132 417 351 546 423 690 346 1 3 10 1 13 4 0 1
ENSMUSG00000006154 Eps8l1 chr7:4460701-4480487 18 23 62 99 165 150 178 159 0 2 4 1 10 3 5 10
ENSMUSG00000006313 Upk1a chr7:30603091-30612847 167 106 271 289 62 96 67 41 5 9 26 7 3 7 8 5
ENSMUSG00000006344 Ggt5 chr10:75589339-75617200 31 37 68 109 116 135 61 58 0 0 0 1 4 1 8 1
ENSMUSG00000006345 Ggt1 chr10:75561603-75586200 140 285 130 115 72 87 52 28 11 5 18 8 7 3 7 7
ENSMUSG00000006411 Nectin4 chr1:171370098-171388598 99 112 949 1550 1985 1890 3288 1932 7 1 33 8 43 11 6 1
ENSMUSG00000006777 Krt23 chr11:99477973-99493137 162 276 114 85 104 97 82 33 74 69 61 10 6 11 16 3
ENSMUSG00000006930 Hap1 chr11:100347326-100356128 67 87 33 83 95 72 114 81 12 8 18 2 26 12 48 18
ENSMUSG00000008601 Rab25 chr3:88542028-88548300 209 233 278 284 377 253 631 251 9 2 20 7 8 0 3 2
ENSMUSG00000009376 Met chr6:17463799-17573980 1570 2818 980 1115 528 557 542 457 720 238 62 53 89 110 105 62
ENSMUSG00000009734 Pou6f2 chr13:18121097-18382041 36 46 237 479 209 387 54 72 1 0 8 1 7 3 6 1
ENSMUSG00000010080 Epn3 chr11:94489598-94499974 414 560 421 363 593 412 722 330 17 6 52 15 83 32 157 67
ENSMUSG00000012123 Crybg2 chr4:134060814-134092504 38 67 121 215 411 279 885 397 21 5 31 6 24 10 25 12
ENSMUSG00000012777 Acp4 chr7:44252147-44257378 12 16 58 108 145 92 16 27 0 2 1 0 2 0 0 0
ENSMUSG00000014158 Trpv4 chr5:114622151-114658421 33 58 30 53 91 63 98 77 1 1 2 5 6 2 5 6
ENSMUSG00000014198 Zfp385c chr11:100627542-100692455 9 19 12 8 162 154 35 22 0 0 1 0 11 6 6 2
ENSMUSG00000014773 Dll1 chr17:15367353-15376872 87 138 204 324 277 402 373 341 22 11 15 10 30 23 34 18
ENSMUSG00000014791 Elmo3 chr8:105305608-105310760 117 159 150 220 358 314 463 348 6 23 23 19 38 22 34 32
ENSMUSG00000015094 Npdc1 chr2:25403070-25409494 142 151 109 109 179 168 259 145 78 31 70 26 76 33 111 27
ENSMUSG00000015222 Map2 chr1:66175272-66442583 1142 1759 3108 5467 6135 5245 7574 6371 122 103 686 375 1177 753 2202 1090
ENSMUSG00000015405 Ace2 chrX:164139331-164188420 11 5 23 46 97 42 124 95 0 0 2 0 1 0 0 2
ENSMUSG00000015501 Hivep2 chr10:13966074-14151374 119 296 215 353 306 441 413 416 48 67 73 33 60 41 88 33
ENSMUSG00000015619 Gata3 chr2:9857077-9890034 266 567 187 256 98 135 126 93 47 30 31 17 27 9 34 16
ENSMUSG00000015647 Lama5 chr2:180176372-180225859 6409 11062 10189 15128 22937 17118 23409 21846 389 336 466 199 837 295 305 280
ENSMUSG00000015879 Fam184b chr5:45529704-45639614 48 58 32 52 187 96 567 238 17 16 10 9 12 15 7 13
ENSMUSG00000015957 Wnt11 chr7:98835111-98855195 227 315 225 218 267 219 213 131 183 91 27 4 53 24 73 35
ENSMUSG00000016028 Celsr1 chr15:85898928-86033777 1191 1868 2356 2602 4817 3263 8146 4109 459 257 691 348 1107 568 1121 713
ENSMUSG00000017009 Sdc4 chr2:164424246-164443186 598 784 913 949 1449 940 1894 1098 122 103 212 89 342 130 528 240
ENSMUSG00000017607 Tns4 chr11:99065677-99089306 203 413 431 412 742 505 1429 689 65 50 89 48 74 48 33 41
ENSMUSG00000017754 Pltp chr2:164839517-164857711 1416 1657 2432 2242 4299 2434 5826 3019 26 6 90 28 187 68 144 60
ENSMUSG00000017897 Eya2 chr2:165595031-165771727 264 433 361 411 1073 738 1846 723 33 10 27 8 31 21 62 14
ENSMUSG00000018166 Erbb3 chr10:128567522-128589652 951 1265 1185 1677 2880 2368 3871 2823 102 41 40 17 121 27 281 281
ENSMUSG00000018486 Wnt9b chr11:103727363-103749821 94 138 477 429 566 539 991 677 2 1 21 3 20 6 3 0
ENSMUSG00000018569 Cldn7 chr11:69964778-69967885 964 1486 1375 1680 1414 1393 1253 865 5 13 42 6 22 9 9 5
ENSMUSG00000018634 Crhr1 chr11:104132854-104175523 263 430 801 1028 458 562 173 180 0 0 24 6 9 2 4 1
ENSMUSG00000018648 Dusp14 chr11:84048040-84069261 136 189 192 191 304 203 466 208 51 18 73 31 73 43 140 45
ENSMUSG00000018750 Zbtb4 chr11:69765911-69784023 51 70 110 246 324 254 488 367 19 28 85 53 110 60 156 136
ENSMUSG00000018849 Wwc1 chr11:35838399-35980527 835 1616 1808 2266 2986 2618 3309 2556 332 374 391 169 288 188 248 190
ENSMUSG00000018893 Mb chr15:77015486-77050670 7 15 17 22 18 20 52 24 0 0 0 1 1 0 0 0
ENSMUSG00000019312 Grb7 chr11:98446393-98455373 957 1556 919 954 1254 941 1611 837 62 51 22 17 22 15 15 5
ENSMUSG00000019359 Gdpd2 chrX:100729941-100738894 45 123 74 111 43 54 55 73 0 0 3 0 0 0 2 0
ENSMUSG00000019590 Cyb561 chr11:105933701-105953336 129 239 272 246 361 313 666 369 16 6 64 32 47 44 72 59
ENSMUSG00000019734 Tmc4 chr7:3665789-3677553 168 199 300 420 285 354 181 254 32 22 17 28 13 26 12 24
ENSMUSG00000019806 Aig1 chr10:13647053-13868980 175 227 217 267 315 220 277 201 132 77 39 16 47 19 64 27
ENSMUSG00000019851 Perp chr10:18845019-18857073 3353 4409 4560 4865 8279 5444 12925 7002 25 6 106 36 155 53 19 1
ENSMUSG00000019852 Arfgef3 chr10:18581838-18743949 63 140 298 355 198 228 119 155 6 4 9 4 12 7 26 12
ENSMUSG00000019996 Map7 chr10:20148470-20281590 224 350 306 461 578 523 1011 619 8 8 22 13 32 13 37 21
ENSMUSG00000020000 Moxd1 chr10:24223516-24302790 144 271 924 1184 498 569 721 328 9 8 26 2 18 7 39 9
ENSMUSG00000020023 Tmcc3 chr10:94312023-94590956 529 990 827 930 1103 1150 2037 1192 30 32 73 26 121 78 192 76
ENSMUSG00000020122 Egfr chr11:16752202-16918158 1282 1965 1415 2121 1910 1959 4167 3012 32 17 49 29 63 56 11 4
ENSMUSG00000020387 Jade2 chr11:51813454-51857653 174 426 318 444 458 432 810 604 19 29 25 11 67 21 145 86
ENSMUSG00000020393 Kremen1 chr11:5191551-5261558 3737 7190 5650 7712 7808 6389 5609 4463 989 1144 1292 757 1767 927 1915 1588
ENSMUSG00000020411 Nipal4 chr11:46148154-46166508 17 53 96 119 250 137 396 204 0 0 7 1 9 0 0 2
ENSMUSG00000020524 Gria1 chr11:57011386-57330244 51 77 54 86 88 79 93 62 1 1 4 2 6 5 24 3
ENSMUSG00000020541 Tom1l1 chr11:90643464-90687607 410 739 631 739 1250 893 1831 1150 205 161 244 109 166 118 107 66
ENSMUSG00000020589 Fam49a chr12:12262138-12380965 234 543 771 1039 1036 1230 1049 966 123 125 227 161 307 229 247 269
ENSMUSG00000020607 Fam84a chr12:14146829-14152054 30 53 137 220 289 319 1819 582 13 8 20 3 9 3 30 4
ENSMUSG00000020656 Grhl1 chr12:24572282-24617391 19 48 84 155 150 165 375 239 2 3 2 6 4 11 10 7
ENSMUSG00000020733 Slc9a3r1 chr11:115163340-115181181 1761 2422 2340 1820 2606 1767 2836 1416 839 448 703 170 246 129 137 100
ENSMUSG00000020734 Grin2c chr11:115249168-115267243 81 113 97 194 129 183 45 43 9 2 3 2 6 1 1 1
ENSMUSG00000020758 Itgb4 chr11:115974708-116008412 234 285 526 758 2346 1441 3759 2200 14 12 28 7 61 29 26 9
ENSMUSG00000020782 Llgl2 chr11:115824048-115855780 1289 2012 1126 1122 1215 1026 1577 885 232 167 231 82 71 65 81 72
ENSMUSG00000020871 Dlx4 chr11:95140446-95146263 115 193 99 99 295 153 566 230 5 8 7 1 9 1 9 1
ENSMUSG00000020911 Krt19 chr11:100140809-100146120 1125 1602 682 732 390 426 635 206 90 29 15 6 14 8 2 3
ENSMUSG00000020961 Ston2 chr12:91633008-91786436 1870 3712 2592 3174 3505 3581 5326 4308 184 174 308 155 303 226 132 200
ENSMUSG00000021062 Rab15 chr12:76797959-76822908 1017 1432 2428 2055 3782 2658 4793 2808 146 57 226 91 311 113 399 149
ENSMUSG00000021069 Pygl chr12:70190810-70231488 1281 2172 1478 1567 1289 1193 1174 976 110 76 164 51 197 47 408 208
ENSMUSG00000021070 Bdkrb2 chr12:105563225-105595237 18 17 74 115 129 152 429 271 0 1 6 0 3 4 16 8
ENSMUSG00000021118 Plek2 chr12:78888690-78906964 68 96 130 136 177 160 333 168 32 10 42 18 37 32 56 37
ENSMUSG00000021182 Ccdc88c chr12:100911522-101029056 620 1432 1012 1440 1397 1418 1688 1408 99 98 224 123 172 154 185 154
ENSMUSG00000021411 Pxdc1 chr13:34627833-34653486 107 281 182 249 173 261 206 192 39 17 59 27 24 33 65 27
ENSMUSG00000021508 Cxcl14 chr13:56288642-56296551 404 766 2245 1960 10226 5350 33519 13406 44 5 747 271 832 315 2669 493
ENSMUSG00000021604 Irx4 chr13:73260478-73269608 52 139 134 118 82 126 517 319 6 5 2 4 2 2 0 0
ENSMUSG00000021613 Hapln1 chr13:89539795-89611652 2415 5084 2239 2957 1568 2250 544 769 1400 1020 445 280 248 328 136 117
ENSMUSG00000021636 Marveld2 chr13:100595956-100616971 208 324 305 410 588 458 899 695 10 3 16 12 19 14 11 14
ENSMUSG00000021638 Ocln chr13:100496506-100552718 46 70 151 204 210 272 522 315 5 4 7 1 14 6 2 1
ENSMUSG00000021678 F2rl1 chr13:95511731-95525227 37 59 39 39 25 38 57 16 1 1 0 1 0 0 0 0
ENSMUSG00000021703 Serinc5 chr13:92611090-92711947 823 1321 2029 3111 2563 2983 2001 1572 562 412 1319 811 679 572 443 507
ENSMUSG00000021792 Fam213a chr14:40993739-41013788 330 507 413 531 916 609 1119 712 248 159 258 115 312 171 365 209
ENSMUSG00000021876 Rnase4 chr14:51091076-51106151 225 326 363 417 1069 566 1277 718 22 16 62 43 188 74 355 114
ENSMUSG00000021950 Anxa8 chr14:34085980-34100571 15 10 54 69 702 151 2376 643 0 1 7 1 9 2 0 0
ENSMUSG00000021974 Fgf9 chr14:58070546-58112720 84 119 440 880 698 678 641 597 2 23 8 13 10 14 134 17
ENSMUSG00000022061 Nkx3-1 chr14:69190637-69194662 25 98 58 57 62 89 147 98 3 4 9 3 4 3 0 0
ENSMUSG00000022096 Hr chr14:70553686-70573548 312 512 422 573 1219 837 1724 978 8 3 30 4 41 21 90 42
ENSMUSG00000022101 Fgf17 chr14:70636202-70642268 40 47 360 367 154 241 104 42 0 0 19 3 6 3 0 1
ENSMUSG00000022218 Tgm1 chr14:55700008-55713926 380 472 844 826 727 689 1246 615 7 15 41 13 44 16 21 15
ENSMUSG00000022240 Ctnnd2 chr15:30172592-31029341 175 378 341 490 720 601 792 679 31 45 73 36 33 31 25 34
ENSMUSG00000022270 Retreg1 chr15:25843179-25973687 140 161 172 296 483 406 373 309 34 19 63 22 94 46 130 86
ENSMUSG00000022286 Grhl2 chr15:37233035-37363569 981 2421 1538 2173 2146 2414 3247 2768 12 4 68 12 43 20 16 12
ENSMUSG00000022297 Fzd6 chr15:39006033-39038188 1270 2351 1239 1863 2138 1954 2956 2144 95 60 45 32 131 67 121 77
ENSMUSG00000022382 Wnt7b chr15:85535436-85582473 461 607 2403 2208 6671 3990 13967 5644 9 2 106 15 168 60 25 6
ENSMUSG00000022408 Fam83f chr15:80671846-80700425 69 112 202 227 217 169 377 155 1 1 13 2 7 5 3 1
ENSMUSG00000022479 Vdr chr15:97854424-97910630 44 52 51 65 105 61 73 63 2 3 6 3 10 5 12 5
ENSMUSG00000022510 Trp63 chr16:25683762-25892102 5173 9194 5993 7944 10035 7839 14360 11289 27 14 191 52 219 95 31 14
ENSMUSG00000022512 Cldn1 chr16:26356641-26371841 67 103 363 531 770 634 1798 1028 30 35 19 5 52 9 25 24
ENSMUSG00000022629 Kif21a chr15:90933275-91049948 341 757 586 1372 2051 2070 2520 2787 90 113 290 228 458 400 609 713
ENSMUSG00000022817 Itgb5 chr16:33829664-33949338 5268 6935 11604 9156 12387 7521 14284 7960 2806 1669 3571 1060 2706 1154 2343 1332
ENSMUSG00000022838 Eaf2 chr16:36792883-36874826 19 29 25 50 41 55 42 44 7 2 6 4 10 6 2 7
ENSMUSG00000022900 Ildr1 chr16:36693977-36726804 63 57 89 115 236 169 253 173 0 2 4 0 8 1 6 1
ENSMUSG00000022949 Clic6 chr16:92485735-92541243 324 565 442 460 169 216 103 88 1 27 4 10 33 19 22 12
ENSMUSG00000022986 Krt75 chr15:101563344-101573904 11 30 22 27 130 34 637 137 2 0 4 1 8 4 7 1
ENSMUSG00000022996 Wnt10b chr15:98770711-98778150 56 111 725 1477 369 604 975 487 1 0 14 6 8 4 3 0
ENSMUSG00000023039 Krt7 chr15:101411102-101430313 670 1051 1511 1534 2411 1832 3352 1947 12 9 43 5 45 21 7 1
ENSMUSG00000023043 Krt18 chr15:102028179-102032027 1486 2127 3084 2699 1945 2103 1243 843 234 147 115 23 83 39 35 17
ENSMUSG00000023067 Cdkn1a chr17:29090978-29100722 495 812 1803 1818 1316 2168 1665 805 56 20 103 47 54 32 76 25
ENSMUSG00000023186 Vwa5a chr9:38718267-38743337 291 472 287 383 1014 521 1176 931 107 36 206 100 321 140 487 250
ENSMUSG00000023236 Scg5 chr2:113776361-113829121 57 65 36 39 69 34 50 46 9 9 10 1 6 7 1 1
ENSMUSG00000023391 Dlx2 chr2:71543407-71546754 1888 2993 2875 3364 5263 4405 6943 3297 22 9 104 21 143 61 187 31
ENSMUSG00000023467 Tulp2 chr7:45486261-45523632 289 384 667 731 947 715 735 513 11 9 18 7 20 6 12 8
ENSMUSG00000023805 Synj2 chr17:5941279-6044290 120 180 133 187 194 220 283 216 29 26 55 31 40 18 40 22
ENSMUSG00000023902 Zscan10 chr17:23600855-23611019 286 533 81 98 89 89 103 65 13 13 56 10 15 12 9 10
ENSMUSG00000023905 Tnfrsf12a chr17:23675446-23677449 53 97 103 140 146 93 176 88 15 15 81 39 16 15 37 21
ENSMUSG00000023906 Cldn6 chr17:23679364-23682446 3942 5020 4159 3978 4288 3651 5262 2874 26 38 110 38 114 33 5 1
ENSMUSG00000024013 Fgd2 chr17:29360941-29379553 181 229 189 154 407 220 600 288 8 2 40 18 57 18 36 23
ENSMUSG00000024063 Lbh chr17:72918304-72941942 5028 9221 7348 7894 12169 10370 8627 6734 450 262 1814 779 1191 688 1124 625
ENSMUSG00000024211 Grm8 chr6:27275118-28134545 25 60 165 178 109 103 110 56 2 0 3 2 0 0 7 1
ENSMUSG00000024302 Dtna chr18:23415134-23659715 30 75 64 89 142 122 97 119 25 15 9 11 12 19 13 9
ENSMUSG00000024331 Dsc2 chr18:20030632-20059554 583 1008 1056 1491 1729 2025 2286 1771 121 62 47 43 177 113 87 127
ENSMUSG00000024376 Epb41l4a chr18:33796326-34007206 467 744 869 1045 1491 1114 2090 1316 53 35 83 27 89 47 76 47
ENSMUSG00000024479 Mal2 chr15:54571191-54602847 41 75 67 56 174 113 300 171 1 0 4 0 10 2 11 6
ENSMUSG00000024558 Mapk4 chr18:73928485-74064929 88 175 257 337 484 518 681 611 30 12 61 37 57 51 66 62
ENSMUSG00000024713 Pcsk5 chr19:17432831-17837632 639 1120 1582 1945 1194 1253 630 583 172 124 201 92 178 131 229 152
ENSMUSG00000024883 Rin1 chr19:5050480-5057071 267 425 331 486 583 477 677 526 88 49 101 38 43 38 37 40
ENSMUSG00000024922 Ovol1 chr19:5549136-5560575 58 126 129 157 229 156 414 190 0 1 3 2 3 1 0 0
ENSMUSG00000024924 Vldlr chr19:27217019-27254231 209 545 447 921 278 722 247 450 139 128 62 71 31 45 81 104
ENSMUSG00000024942 Capn1 chr19:5988545-6015825 213 288 350 394 1797 1045 2373 1085 161 93 255 123 518 129 549 297
ENSMUSG00000024987 Cyp26a1 chr19:37697807-37701528 72 100 413 669 1579 1472 1739 1738 19 11 15 4 49 15 0 2
ENSMUSG00000025064 Col17a1 chr19:47646343-47692094 381 400 1289 1808 13882 5433 27570 16549 6 9 60 33 311 87 31 16
ENSMUSG00000025082 Vwa2 chr19:56874248-56912078 733 1336 1479 1910 2639 2056 3093 2070 29 12 163 105 141 127 130 92
ENSMUSG00000025085 Ablim1 chr19:57032732-57314911 1140 2242 2157 3124 4497 3576 6008 4714 408 315 381 204 670 325 918 566
ENSMUSG00000025105 Bnc1 chr7:81966671-81992292 265 629 619 909 988 1148 1045 829 98 70 31 12 33 27 13 21
ENSMUSG00000025150 Cbr2 chr11:120729488-120732114 328 461 584 481 397 316 565 316 0 1 32 2 5 1 1 2
ENSMUSG00000025219 Fgf8 chr19:45736797-45742915 3394 3215 18003 13528 4726 6246 1390 1120 19 2 263 49 80 31 4 1
ENSMUSG00000025321 Itgb8 chr12:119158021-119238802 120 176 371 663 215 421 349 334 6 14 31 33 40 71 84 115
ENSMUSG00000025328 Padi3 chr4:140785364-140810648 586 968 1066 1013 704 638 511 383 14 11 407 117 62 71 10 19
ENSMUSG00000025481 Urah chr7:140835017-140837966 44 54 52 48 98 63 130 60 0 0 1 0 8 0 1 0
ENSMUSG00000025504 Eps8l2 chr7:141338879-141363020 217 269 395 552 839 552 1206 659 8 12 20 11 92 26 121 55
ENSMUSG00000025510 Cd151 chr7:141467392-141471473 2168 3131 2568 2799 3011 2590 3805 2133 1350 727 1361 625 809 506 678 520
ENSMUSG00000025658 Cnksr2 chrX:157821435-158043294 487 1142 512 1066 715 904 495 852 115 211 239 117 127 146 165 188
ENSMUSG00000025854 Fam20c chr5:138754513-138810077 223 197 668 636 562 402 346 250 15 9 16 4 25 4 17 15
ENSMUSG00000025856 Pdgfa chr5:138976013-138997370 3523 7602 4495 5851 4660 4964 4959 3892 48 33 147 50 144 72 78 57
ENSMUSG00000025885 Myo5b chr18:74440935-74771493 171 184 343 471 367 465 440 375 12 12 11 4 19 9 7 14
ENSMUSG00000025997 Ikzf2 chr1:69531213-69687245 144 553 280 786 383 930 492 975 26 33 30 15 13 23 8 27
ENSMUSG00000026131 Dst chr1:33908224-34308661 816 2250 1962 4469 8912 6416 11502 12482 460 804 931 601 1162 807 1290 1385
ENSMUSG00000026167 Wnt10a chr1:74791515-74804179 116 144 494 380 648 448 727 291 0 0 23 1 10 2 2 0
ENSMUSG00000026185 Igfbp5 chr1:72857931-72874884 53326 61924 67957 79653 112301 74386 84743 78546 3247 2294 1906 450 2297 664 668 395
ENSMUSG00000026255 Efhd1 chr1:87264362-87310839 30 32 46 100 59 64 47 35 3 3 4 4 5 1 2 5
ENSMUSG00000026304 Rab17 chr1:90958132-90969661 16 29 20 41 69 46 60 58 1 2 1 5 7 1 1 3
ENSMUSG00000026413 Pkp1 chr1:135871394-135919207 64 156 491 852 1666 1283 3551 1916 1 4 11 1 36 10 5 20
ENSMUSG00000026435 Slc45a3 chr1:131962966-131982969 123 239 134 232 108 161 118 89 52 21 34 19 30 21 36 18
ENSMUSG00000026478 Lamc1 chr1:153218921-153332786 7675 10193 9967 9889 20157 11237 24013 14586 5472 3285 7493 2611 5612 2571 7101 3323
ENSMUSG00000026479 Lamc2 chr1:153122755-153186447 927 1028 2396 2717 7018 4760 7443 4067 9 6 86 12 167 37 183 15
ENSMUSG00000026483 Fam129a chr1:151571185-151721939 688 1254 540 580 441 444 645 304 4 5 27 15 45 17 33 18
ENSMUSG00000026604 Ptpn14 chr1:189728267-189876695 1912 3944 3319 4161 5219 4506 8064 5433 869 1047 1540 774 1270 750 1829 1226
ENSMUSG00000026638 Irf6 chr1:193153110-193172023 589 922 2063 3180 3984 3855 5128 3546 3 12 60 15 93 34 43 21
ENSMUSG00000026639 Lamb3 chr1:193207724-193343878 237 182 366 394 2383 997 2674 1613 3 2 3 4 55 10 3 0
ENSMUSG00000026640 Plxna2 chr1:194619824-194816869 2512 4151 1628 2909 2616 2573 1822 1919 1532 1491 667 274 211 187 221 167
ENSMUSG00000026765 Lypd6b chr2:49787687-49948849 243 285 574 679 1211 985 1004 767 2 3 17 8 52 10 38 23
ENSMUSG00000026831 1700007K13Rik chr2:28462000-28466332 32 37 33 34 64 28 77 26 7 1 4 1 3 2 3 3
ENSMUSG00000026972 Arrdc1 chr2:24925351-24935252 155 319 195 322 491 421 760 549 27 13 68 40 111 57 138 106
ENSMUSG00000026979 Psd4 chr2:24367579-24414954 44 104 110 209 283 166 325 152 8 4 39 26 52 27 49 17
ENSMUSG00000026994 Galnt3 chr2:66082765-66124994 58 137 104 135 140 128 149 117 18 7 5 2 5 4 8 0
ENSMUSG00000027009 Itga4 chr2:79255499-79333123 2708 2919 1868 3062 7938 5227 3168 5462 294 226 114 100 270 237 73 64
ENSMUSG00000027070 Lrp2 chr2:69424339-69586065 98 269 36 50 39 44 44 67 23 112 2 3 0 0 0 2
ENSMUSG00000027111 Itga6 chr2:71786939-71856771 3979 6451 4536 5548 5632 4854 5438 4294 712 484 1351 649 1258 744 1849 890
ENSMUSG00000027171 Prrg4 chr2:104830740-104849876 45 109 66 106 123 189 136 132 3 1 5 4 4 3 7 3
ENSMUSG00000027220 Syt13 chr2:92915097-92956058 35 51 192 172 180 195 266 180 19 9 11 15 26 25 8 3
ENSMUSG00000027246 Ell3 chr2:121439009-121444278 110 225 156 241 184 207 297 239 4 2 20 8 45 20 59 34
ENSMUSG00000027293 Ehd4 chr2:120089174-120154606 1647 2955 1617 1660 2673 2098 2380 1596 909 678 1085 451 798 425 727 459
ENSMUSG00000027315 Spint1 chr2:119237361-119249527 1246 1497 2313 2494 3039 2331 3191 1797 18 12 100 39 171 63 134 90
ENSMUSG00000027317 Ppp1r14d chr2:119218118-119229906 13 20 23 14 18 12 13 13 0 1 4 0 0 0 0 0
ENSMUSG00000027356 Fermt1 chr2:132904388-132945906 1511 3069 2252 3214 3834 4196 4904 3827 14 7 61 26 102 54 3 1
ENSMUSG00000027376 Prom2 chr2:127526472-127541467 710 1137 872 1050 636 708 776 585 5 0 28 12 26 7 1 0
ENSMUSG00000027412 Lpin3 chr2:160880669-160906002 85 171 139 183 238 189 262 166 24 13 66 24 58 23 85 50
ENSMUSG00000027506 Tpd52 chr3:8925592-9004723 565 921 818 881 955 712 992 583 64 55 232 156 207 149 200 104
ENSMUSG00000027536 Chmp4c chr3:10366906-10395337 91 178 141 237 448 328 488 355 2 6 7 3 15 3 12 6
ENSMUSG00000027560 Dok5 chr2:170731806-170879769 200 413 130 172 216 214 158 139 18 10 3 2 30 8 14 7
ENSMUSG00000027568 Ntsr1 chr2:180499975-180544980 63 85 25 19 73 49 172 46 7 6 1 0 0 0 0 0
ENSMUSG00000027579 Srms chr2:181205561-181213185 379 574 442 668 320 462 172 89 4 4 46 13 6 6 0 0
ENSMUSG00000027695 Pld1 chr3:27938694-28133362 68 142 63 101 159 146 181 178 43 23 69 22 56 37 46 37
ENSMUSG00000027901 Dennd2d chr3:106482430-106503030 61 137 110 154 231 173 286 276 14 7 9 7 14 8 5 4
ENSMUSG00000027907 S100a11 chr3:93520487-93526287 1031 1447 1709 1738 3472 2159 4530 1741 172 96 359 166 685 246 897 236
ENSMUSG00000027993 Trim2 chr3:84160438-84305446 1652 3175 1509 2490 3281 2723 3706 3130 365 322 346 232 431 286 395 395
ENSMUSG00000028042 Zbtb7b chr3:89377643-89393678 169 318 298 272 278 180 481 229 22 11 64 35 70 24 104 55
ENSMUSG00000028064 Sema4a chr3:88435958-88461182 130 149 238 302 702 411 1339 525 34 24 199 44 141 74 140 79
ENSMUSG00000028082 Sh3d19 chr3:86070914-86130526 1234 1833 1742 2196 3260 2509 3840 2453 773 642 1190 519 1109 528 1447 888
ENSMUSG00000028115 Bnipl chr3:95241270-95251193 62 82 132 132 242 154 408 181 0 1 1 5 4 2 3 0
ENSMUSG00000028121 Bcar3 chr3:122419777-122530191 231 332 429 494 409 609 687 441 65 50 121 73 105 101 131 116
ENSMUSG00000028128 F3 chr3:121723536-121735048 65 123 112 122 98 151 268 172 23 21 28 20 7 12 12 11
ENSMUSG00000028173 Wls chr3:159839671-159938664 6131 9155 7895 10568 19199 13800 17670 15912 2652 1970 3639 2110 3494 2287 4491 2984
ENSMUSG00000028255 Clca1 chr3:145003816-145032776 53 8 536 439 168 253 33 13 0 0 7 0 2 0 0 0
ENSMUSG00000028337 Coro2a chr4:46536936-46602202 190 369 545 517 677 597 643 480 9 12 52 29 85 56 90 56
ENSMUSG00000028351 Brinp1 chr4:68761513-68954397 53 84 225 258 444 307 1072 546 32 20 26 7 61 26 38 45
ENSMUSG00000028392 Bspry chr4:62480052-62497298 74 105 100 112 124 88 247 117 4 5 5 2 1 1 1 1
ENSMUSG00000028488 Sh3gl2 chr4:85205125-85639195 51 78 50 70 64 77 103 89 2 1 4 4 4 4 4 4
ENSMUSG00000028528 Dnajc6 chr4:101496647-101642799 20 44 52 144 221 302 250 253 13 4 7 0 10 13 31 2
ENSMUSG00000028536 2610528J11Rik chr4:118526998-118530228 32 36 39 49 51 42 128 36 1 4 2 3 2 1 3 0
ENSMUSG00000028539 Artn chr4:117926161-117929763 172 279 182 187 175 180 175 146 9 5 28 11 41 25 61 34
ENSMUSG00000028572 Hook1 chr4:95967239-96025413 434 1235 474 808 599 774 822 900 59 83 206 202 178 207 352 206
ENSMUSG00000028583 Pdpn chr4:143267430-143299564 405 709 841 1083 1577 1191 2240 1522 117 51 156 82 241 114 180 122
ENSMUSG00000028654 Mycl chr4:122995651-123002485 1689 2506 2618 2756 5888 3441 6624 3740 471 290 1297 562 1538 761 1486 844
ENSMUSG00000028763 Hspg2 chr4:137468768-137570630 9064 15103 10835 13025 17415 12356 11543 11451 4995 3216 5872 2469 8046 2835 5191 3135
ENSMUSG00000028776 Tinagl1 chr4:130165601-130175122 437 674 316 326 486 312 467 304 74 55 89 55 143 57 158 68
ENSMUSG00000028785 Hpca chr4:129111569-129122036 61 99 49 65 155 106 331 106 0 2 8 3 9 5 5 10
ENSMUSG00000028786 Tmem54 chr4:129105547-129111626 452 623 439 410 507 347 779 352 11 1 17 7 8 6 2 11
ENSMUSG00000028838 Extl1 chr4:134356371-134372558 26 60 94 98 133 94 219 135 1 2 5 3 11 7 40 14
ENSMUSG00000028841 Cnksr1 chr4:134228040-134238399 119 218 146 272 302 240 304 271 8 3 10 1 2 7 3 0
ENSMUSG00000028860 Sytl1 chr4:133253089-133263113 59 84 193 219 367 231 447 266 1 1 6 3 12 2 2 5
ENSMUSG00000028865 Cd164l2 chr4:133220809-133224555 52 59 58 52 64 67 97 38 4 0 3 0 0 3 10 4
ENSMUSG00000028919 Arhgef19 chr4:141239498-141257564 969 1291 1344 1604 2484 1740 3719 2067 6 3 51 14 85 32 86 40
ENSMUSG00000028943 Espn chr4:152120330-152152371 381 437 244 186 105 100 120 63 48 28 17 4 9 1 5 6
ENSMUSG00000029026 Trp73 chr4:154056252-154140208 25 51 224 324 854 588 2720 1385 0 1 13 2 21 7 10 4
ENSMUSG00000029032 Arhgef16 chr4:154278485-154301676 384 673 747 818 958 821 923 576 42 29 47 17 36 11 34 13
ENSMUSG00000029055 Plch2 chr4:154983114-155056784 354 505 608 938 1240 910 2019 1256 5 1 22 3 32 5 6 3
ENSMUSG00000029074 Ttll10 chr4:156034839-156059414 13 47 18 105 42 87 53 119 0 0 1 0 1 2 0 0
ENSMUSG00000029108 Pcdh7 chr5:57717966-58133230 894 1457 1650 1960 3972 2964 4411 3218 397 387 628 268 327 220 305 173
ENSMUSG00000029112 Nkx1-1 chr5:33430733-33433976 223 196 368 200 223 168 58 35 1 0 4 2 3 0 1 0
ENSMUSG00000029120 Ppp2r2c chr5:36868512-36955078 567 1247 787 550 44 145 40 32 3 4 20 4 5 5 4 2
ENSMUSG00000029149 Krtcap3 chr5:31251705-31253202 36 84 50 138 84 118 101 128 1 3 17 21 25 16 22 38
ENSMUSG00000029153 Ociad2 chr5:73322198-73341028 56 72 55 89 195 154 235 178 22 9 39 19 33 22 45 40
ENSMUSG00000029168 Dpysl5 chr5:30711563-30799375 479 798 782 891 1974 1465 2810 1642 137 107 510 185 656 327 977 479
ENSMUSG00000029189 Sel1l3 chr5:53107082-53213452 553 873 521 611 335 351 297 130 16 17 31 18 53 33 66 36
ENSMUSG00000029228 Lnx1 chr5:74592446-74702912 159 226 348 446 185 347 141 141 12 6 15 9 21 7 8 17
ENSMUSG00000029370 Rassf6 chr5:90603075-90640657 15 13 14 18 17 18 51 19 1 2 1 1 1 0 0 1
ENSMUSG00000029470 P2rx4 chr5:122707543-122729738 50 62 70 84 177 142 149 101 33 21 38 17 48 20 56 33
ENSMUSG00000029570 Lfng chr5:140607319-140615545 177 278 389 508 1015 736 1281 723 54 29 168 78 114 62 161 71
ENSMUSG00000029816 Gpnmb chr6:49036614-49070929 18 43 37 44 74 50 224 87 2 2 2 1 18 5 64 20
ENSMUSG00000029832 Nfe2l3 chr6:51432669-51458768 53 89 83 81 133 115 87 100 2 0 7 1 5 3 20 6
ENSMUSG00000029859 Epha1 chr6:42358486-42373268 1058 1841 1941 2273 3712 2674 3940 2667 93 93 1090 423 327 206 236 135
ENSMUSG00000029868 Trpv6 chr6:41620623-41636405 25 44 11 25 35 32 45 43 0 0 2 2 0 0 1 1
ENSMUSG00000030064 Frmd4b chr6:97286866-97617541 1731 3124 2517 3467 5728 4443 5748 4434 612 492 1355 555 801 480 498 431
ENSMUSG00000030091 Nup210 chr6:91013067-91116829 1955 3302 1357 1574 2149 1511 3036 1533 913 730 395 194 358 226 314 184
ENSMUSG00000030093 Wnt7a chr6:91363980-91411363 1982 3575 1766 1608 2105 1997 4119 1484 6 5 76 3 38 12 2 0
ENSMUSG00000030108 Slc6a13 chr6:121300226-121337733 56 81 58 151 112 110 72 61 2 1 6 7 5 4 6 2
ENSMUSG00000030206 Gsg1 chr6:135237325-135254351 84 73 182 163 218 157 85 117 2 2 2 2 11 1 3 2
ENSMUSG00000030208 Emp1 chr6:135362544-135383173 2989 4752 7243 9235 16403 12883 20270 15902 490 369 975 596 2807 1626 4555 2533
ENSMUSG00000030214 Plbd1 chr6:136612069-136661928 24 39 33 41 90 58 270 115 1 4 22 9 27 10 13 8
ENSMUSG00000030217 Art4 chr6:136848450-136857733 128 194 311 344 517 360 1003 505 43 35 49 20 26 16 3 7
ENSMUSG00000030306 Tmtc1 chr6:148232429-148444389 196 248 543 958 1707 1599 1753 1882 43 23 71 56 90 76 46 44
ENSMUSG00000030342 Cd9 chr6:125460265-125494791 350 613 607 784 977 822 2088 928 124 57 155 80 236 115 494 149
ENSMUSG00000030494 Rhpn2 chr7:35334169-35392289 456 942 554 841 539 581 944 822 55 66 44 24 45 31 25 44
ENSMUSG00000030688 Stard10 chr7:101317085-101346626 756 1001 1061 970 1938 1116 2679 1174 115 71 463 139 449 168 640 179
ENSMUSG00000030739 Myh14 chr7:44605802-44670843 110 147 446 505 922 633 1449 728 21 12 15 2 27 7 47 19
ENSMUSG00000030800 Prss8 chr7:127925715-127930104 776 1172 553 533 370 405 638 348 17 10 25 13 20 9 21 4
ENSMUSG00000030849 Fgfr2 chr7:130162450-130266263 2497 5013 3103 4706 4626 4828 9462 6881 1258 1415 213 113 945 312 1913 1360
ENSMUSG00000031146 Plp2 chrX:7667940-7671390 1022 1595 1476 1481 2100 1418 2208 1329 500 334 670 259 735 291 848 394
ENSMUSG00000031179 3830417A13Rik chrX:64173547-64178778 18 24 85 94 212 123 245 156 0 0 4 0 3 1 0 0
ENSMUSG00000031273 Col4a6 chrX:141165402-141474076 724 1175 378 417 557 331 1877 673 188 158 61 21 86 24 103 79
ENSMUSG00000031274 Col4a5 chrX:141475384-141689234 1121 1814 955 996 1838 1034 4176 1944 345 257 329 156 474 202 752 461
ENSMUSG00000031286 Glt28d2 chr3:85869848-85887516 14 14 21 32 51 34 104 36 0 0 0 3 4 3 9 5
ENSMUSG00000031351 Zfp185 chrX:72987338-73031543 125 229 208 386 521 459 582 584 27 30 32 18 62 43 142 79
ENSMUSG00000031376 Atp2b3 chrX:73503085-73571005 32 30 92 167 146 166 77 64 0 0 2 3 8 4 3 2
ENSMUSG00000031438 Rnf128 chrX:139563315-139673145 216 496 217 401 250 290 384 260 87 52 183 48 79 62 46 49
ENSMUSG00000031595 Pdgfrl chr8:40926232-40990785 170 183 496 583 734 540 441 302 19 13 251 90 144 78 169 43
ENSMUSG00000031626 Sorbs2 chr8:45507787-45827906 604 995 1505 2496 2198 2202 1751 1593 36 16 152 81 313 181 306 233
ENSMUSG00000031642 Sh3rf1 chr8:61223871-61396071 1086 1855 2922 3024 3895 3537 3660 2732 425 446 507 233 397 269 442 383
ENSMUSG00000031765 Mt1 chr8:94179081-94180327 221 452 266 339 227 207 535 203 185 102 253 95 46 67 118 23
ENSMUSG00000031772 Cntnap4 chr8:112570042-112882717 84 145 74 79 129 83 112 95 11 2 8 4 2 3 0 3
ENSMUSG00000031785 Adgrg1 chr8:94976992-95014217 196 233 370 477 1197 808 2558 930 89 62 293 125 176 113 151 66
ENSMUSG00000031786 Drc7 chr8:95055102-95078141 15 27 20 39 33 26 36 39 0 0 1 1 2 0 0 0
ENSMUSG00000031853 Map3k21 chr8:125910449-125947440 12 15 20 27 16 25 35 20 0 1 0 2 1 1 0 1
ENSMUSG00000031870 Pgr chr9:8899832-8968611 26 74 43 58 77 79 82 86 0 0 4 2 13 8 23 15
ENSMUSG00000031906 Smpd3 chr8:106252547-106337988 274 226 2203 2245 727 1249 196 86 27 18 44 23 29 12 14 8
ENSMUSG00000031910 Has3 chr8:106870241-106884566 65 102 386 692 1627 1234 1719 1128 2 8 12 3 45 16 6 5
ENSMUSG00000031952 Chst5 chr8:111889135-111910447 57 49 124 136 255 184 348 191 3 0 5 2 6 6 14 6
ENSMUSG00000031995 St14 chr9:31089401-31131853 1622 2060 5903 5234 4258 3846 4363 1948 10 7 146 41 108 30 11 4
ENSMUSG00000032012 Nectin1 chr9:43743983-43807461 959 1685 2035 2482 1903 1976 2428 1799 439 515 711 353 623 348 852 501
ENSMUSG00000032013 Trim29 chr9:43310847-43336115 680 872 3092 2680 4777 3155 7725 3072 2 2 87 9 106 30 9 2
ENSMUSG00000032036 Kirrel3 chr9:34485893-35036716 168 224 1197 1080 399 640 348 263 7 5 39 23 21 19 171 21
ENSMUSG00000032060 Cryab chr9:50751324-50756636 11 14 43 39 53 42 75 34 0 1 1 2 7 0 0 3
ENSMUSG00000032062 2310030G06Rik chr9:50739690-50746536 75 139 147 230 283 288 358 251 21 13 96 42 88 63 69 71
ENSMUSG00000032091 Tmprss4 chr9:45172725-45204092 16 46 64 74 66 61 17 16 0 0 0 0 0 1 0 0
ENSMUSG00000032092 Mpzl2 chr9:45039798-45054015 970 1623 2424 3044 3575 2991 4194 2810 167 117 168 62 186 65 241 116
ENSMUSG00000032172 Olfm2 chr9:20667689-20746349 98 168 43 61 212 100 189 133 25 6 17 1 42 8 55 33
ENSMUSG00000032265 Fam46a chr9:85320438-85327348 232 279 1588 2207 371 1157 814 707 10 25 29 6 10 12 32 19
ENSMUSG00000032313 Tmem266 chr9:55326912-55438345 39 44 131 130 117 103 90 85 14 5 29 13 41 19 30 24
ENSMUSG00000032318 Isl2 chr9:55538671-55546180 152 215 489 740 186 457 122 205 4 2 14 7 7 4 2 1
ENSMUSG00000032358 Fam83b chr9:76490053-76567116 251 465 278 302 331 333 1014 502 12 5 9 4 7 1 3 4
ENSMUSG00000032366 Tpm1 chr9:67022589-67049406 4939 8670 7568 9555 9769 8726 9692 7052 3792 2433 3177 1504 2116 1280 2894 1421
ENSMUSG00000032420 Nt5e chr9:88327196-88372092 32 71 72 159 409 267 971 698 19 12 7 4 12 8 14 2
ENSMUSG00000032561 Acpp chr9:104288250-104337748 689 1034 1430 1931 3059 1988 2624 2096 0 2 52 13 94 36 17 17
ENSMUSG00000032726 Bmp8a chr4:123312644-123343252 36 34 36 68 195 80 161 122 0 1 2 2 8 3 3 1
ENSMUSG00000033060 Lmo7 chr14:101729956-101934710 2126 2835 2714 4152 6382 4629 6523 4698 213 237 299 222 1775 861 1278 1387
ENSMUSG00000033170 Card10 chr15:78775137-78803042 1089 1660 1473 1521 1369 1350 1266 717 196 145 626 204 229 105 197 102
ENSMUSG00000033227 Wnt6 chr1:74771891-74785322 4568 5644 6868 5309 9622 5908 9031 4855 29 11 196 36 184 38 22 0
ENSMUSG00000033295 Ptprf chr4:118208212-118291405 13816 17598 20704 20439 38762 26312 45192 26257 10143 5995 15886 6045 9746 5576 7305 4967
ENSMUSG00000033419 Snap91 chr9:86765922-86880449 558 990 688 1329 771 1046 156 392 11 28 20 16 27 18 36 15
ENSMUSG00000033685 Ucp2 chr7:100493336-100502020 1924 2536 4573 3739 7509 5095 8583 3971 643 307 2662 864 2568 990 3115 1187
ENSMUSG00000033726 Emx1 chr6:85187437-85204358 130 155 320 208 342 255 268 175 0 0 12 1 2 2 0 0
ENSMUSG00000033998 Kcnk1 chr8:125995169-126030685 444 633 567 537 992 776 1210 753 68 35 54 21 67 40 119 41
ENSMUSG00000034112 Atp2c2 chr8:119700008-119757717 348 691 417 569 405 462 465 330 4 2 13 6 6 6 0 1
ENSMUSG00000034156 Tspoap1 chr11:87760540-87785928 20 90 51 191 125 171 198 224 11 4 6 6 9 7 46 56
ENSMUSG00000034159 2310007B03Rik chr1:93151348-93160948 60 87 174 193 92 112 73 37 8 2 1 0 2 0 0 0
ENSMUSG00000034177 Rnf43 chr11:87663086-87735539 339 691 584 946 958 898 1531 986 6 6 27 9 34 13 66 29
ENSMUSG00000034382 AI661453 chr17:47436614-47470638 1354 1892 1705 1596 2827 1598 3862 1792 17 6 87 21 68 27 18 6
ENSMUSG00000034394 Lif chr11:4257556-4272514 12 24 10 28 19 21 12 17 0 1 0 0 1 0 0 0
ENSMUSG00000034573 Ptpn13 chr5:103425500-103598303 3840 6667 3572 5771 9106 6963 8864 8237 2011 1632 1392 710 1592 931 1500 1187
ENSMUSG00000034584 Exph5 chr9:53301669-53377514 44 71 184 250 323 352 717 633 2 0 9 11 23 11 23 18
ENSMUSG00000034607 Pof1b chrX:112638430-112698651 26 43 54 104 122 141 136 185 0 0 0 0 4 1 0 0
ENSMUSG00000034612 Chst11 chr10:82985497-83195900 772 1161 2757 2964 2869 2964 4967 2744 223 191 288 129 506 276 800 482
ENSMUSG00000034614 Pik3ip1 chr11:3330400-3342971 326 310 559 807 1938 1421 1178 1164 8 12 127 53 205 68 202 143
ENSMUSG00000034616 Ssh3 chr19:4261667-4269172 68 131 153 250 413 353 609 436 8 3 49 18 97 50 219 125
ENSMUSG00000034687 Fras1 chr5:96373954-96784728 2754 3704 6175 8090 15412 9591 12042 11457 460 333 412 142 637 259 518 326
ENSMUSG00000034792 Gna15 chr10:81502312-81524225 82 66 74 69 99 72 116 46 10 3 8 3 17 5 11 8
ENSMUSG00000034903 Cobll1 chr2:65088338-65239096 984 1931 683 915 470 664 618 576 122 112 180 79 47 66 79 37
ENSMUSG00000034917 Tjp3 chr10:81273206-81291581 469 732 393 405 310 296 260 217 3 2 25 3 10 6 21 6
ENSMUSG00000034957 Cebpa chr7:35119292-35121928 30 55 197 156 305 140 702 257 16 8 45 17 86 25 108 42
ENSMUSG00000034981 Parm1 chr5:91517614-91626894 294 285 854 853 1624 1612 2184 1363 73 21 48 19 129 43 49 57
ENSMUSG00000035498 Cdcp1 chr9:123170823-123216038 702 1331 870 1285 1589 1500 2225 1609 16 5 28 6 32 29 10 3
ENSMUSG00000035551 Igfbpl1 chr4:45809467-45826923 118 165 303 705 1387 877 1133 547 40 33 25 6 42 13 9 9
ENSMUSG00000035557 Krt17 chr11:100256216-100261029 48 59 410 659 4705 2954 11653 4768 4 2 36 1 97 39 55 3
ENSMUSG00000035615 Frmpd1 chr4:45184874-45285936 28 65 77 85 271 177 500 330 9 3 8 3 10 8 16 6
ENSMUSG00000035864 Syt1 chr10:108497649-109010982 56 57 43 52 168 75 738 224 5 0 1 0 8 0 2 1
ENSMUSG00000036139 Hoxc9 chr15:102976438-102985099 152 221 388 371 422 375 443 296 29 17 10 4 12 1 0 0
ENSMUSG00000036461 Elf1 chr14:79481193-79582494 223 398 430 627 1046 921 1902 1449 164 130 208 131 262 166 354 275
ENSMUSG00000036585 Fgf1 chr18:38838672-38929157 26 49 87 181 119 190 113 118 4 10 8 7 1 3 7 4
ENSMUSG00000036596 Cpz chr5:35502217-35525698 1241 1492 953 882 274 488 76 106 28 12 30 7 9 2 2 9
ENSMUSG00000036617 Etl4 chr2:19909779-20810713 1575 3607 1602 2912 2061 2330 2850 3047 328 510 269 176 303 196 290 220
ENSMUSG00000036687 Tmem184a chr5:139802484-139819917 175 252 232 277 382 305 404 286 59 14 33 25 19 18 6 2
ENSMUSG00000036856 Wnt4 chr4:137277488-137299726 739 1190 1318 1546 2860 1590 4383 2328 15 10 38 20 55 17 16 17
ENSMUSG00000036880 Acaa2 chr18:74779196-74806207 1430 1827 2191 1960 2546 1770 3575 1778 718 370 927 430 862 469 949 515
ENSMUSG00000036918 Ttc7 chr17:87282885-87381769 284 531 488 463 1179 631 1456 892 193 162 230 73 188 111 134 107
ENSMUSG00000037016 Frem2 chr3:53513937-53657355 5014 6494 6379 8419 19734 11713 18740 15419 227 140 401 164 966 290 1960 646
ENSMUSG00000037129 Tmprss13 chr9:45319099-45347581 181 186 173 221 300 224 356 242 1 0 6 2 2 2 1 0
ENSMUSG00000037185 Krt80 chr15:101347443-101370162 11 11 56 68 125 87 155 63 0 0 1 0 4 2 4 0
ENSMUSG00000037188 Grhl3 chr4:135541887-135573630 364 529 1363 1808 2045 1873 3433 2137 10 7 37 13 47 27 71 13
ENSMUSG00000037279 Ovol2 chr2:144305174-144332146 35 71 53 109 135 104 239 116 0 1 1 0 4 4 2 0
ENSMUSG00000037280 Galnt6 chr15:100691812-100729376 94 149 195 192 115 83 84 38 0 0 9 4 11 3 12 6
ENSMUSG00000037321 Tap1 chr17:34187552-34197225 51 82 132 144 221 150 384 196 13 3 33 15 56 22 132 47
ENSMUSG00000037370 Enpp1 chr10:24637913-24712158 501 574 411 855 2065 984 3191 1775 8 3 172 158 314 217 501 226
ENSMUSG00000037379 Spon2 chr5:33213926-33218455 37 167 164 193 567 51 355 258 22 9 2 1 19 3 10 9
ENSMUSG00000037490 Slc2a12 chr10:22645010-22704285 81 128 122 184 342 256 620 381 23 13 28 9 26 11 30 16
ENSMUSG00000037509 Arhgef4 chr1:34678187-34813309 114 133 92 127 152 128 368 150 37 26 19 14 11 14 38 29
ENSMUSG00000037600 Kdf1 chr4:133518962-133530790 353 538 557 518 890 585 1205 610 3 4 10 6 29 8 9 2
ENSMUSG00000037989 Wnk2 chr13:49036302-49148014 1854 3188 2602 2573 2260 1708 1886 1540 126 92 342 126 278 140 519 209
ENSMUSG00000037990 Sh3rf3 chr10:58813358-59138916 80 299 135 148 161 121 365 221 5 10 67 78 54 37 31 33
ENSMUSG00000037995 Igsf9 chr1:172481787-172498878 2596 4090 3644 5063 7137 5487 8995 5499 1790 1027 3024 1281 2545 1353 2615 1513
ENSMUSG00000037999 Arap2 chr5:62602444-62766159 44 106 88 189 188 196 260 235 7 13 15 16 9 6 11 12
ENSMUSG00000038020 Rapgefl1 chr11:98836784-98853697 234 498 454 792 728 598 772 734 27 30 128 81 191 103 198 222
ENSMUSG00000038068 Rnf144b chr13:47122655-47247991 399 859 224 373 269 256 309 259 27 24 36 25 30 25 41 30
ENSMUSG00000038128 Camk4 chr18:32939040-33195767 293 581 494 792 1044 885 1227 1005 52 50 110 47 121 74 142 90
ENSMUSG00000038167 Plekhg6 chr6:125362659-125380793 81 155 125 155 204 120 328 135 0 3 3 2 7 1 4 0
ENSMUSG00000038235 F11r chr1:171437534-171464603 2156 2779 2441 2639 3744 2709 4559 2428 730 313 368 161 442 169 754 236
ENSMUSG00000038260 Trpm4 chr7:45303154-45333769 271 406 362 525 729 574 845 634 51 37 183 89 213 107 349 196
ENSMUSG00000038296 Galnt18 chr7:111471660-111779977 152 243 277 375 451 378 818 550 86 81 90 40 134 55 128 86
ENSMUSG00000038560 Sp6 chr11:97013393-97024734 4882 8561 6255 6962 8364 8468 6590 3678 111 140 151 47 211 55 9 12
ENSMUSG00000038576 Susd4 chr1:182763859-182896591 687 1018 1773 2246 2480 2162 3554 2180 220 119 265 96 196 69 133 72
ENSMUSG00000038578 Susd1 chr4:59314682-59438633 170 327 277 330 313 265 379 270 123 100 87 40 91 43 87 66
ENSMUSG00000038580 Sct chr7:141278330-141279133 415 598 441 460 283 333 74 64 14 6 38 8 30 4 8 3
ENSMUSG00000038605 Samd10 chr2:181595217-181599212 158 287 160 288 264 218 305 216 59 28 115 62 83 70 117 77
ENSMUSG00000038677 Scube3 chr17:28142315-28174852 4660 7824 4929 6164 8257 6185 7630 6243 3372 2807 1675 654 1120 597 2053 1320
ENSMUSG00000038764 Ptpn3 chr4:57190840-57301837 158 305 319 488 539 491 1299 790 33 32 111 50 136 84 182 151
ENSMUSG00000038816 Ctnnal1 chr4:56810934-56865188 1374 2857 1473 2130 2385 2006 2960 2379 433 385 837 525 859 634 835 730
ENSMUSG00000038879 Nipal2 chr15:34572798-34679212 9 24 25 39 44 54 66 52 2 1 3 0 8 4 13 6
ENSMUSG00000038903 Ccdc68 chr18:69925465-69969484 113 176 119 234 140 153 271 188 6 3 4 1 2 0 3 3
ENSMUSG00000038980 Rbbp8nl chr2:180277645-180289879 84 138 112 176 153 136 195 139 1 0 0 0 4 0 1 1
ENSMUSG00000039037 St6galnac5 chr3:152817080-152982246 180 239 253 456 594 469 580 726 27 14 4 1 11 3 0 5
ENSMUSG00000039092 Sptlc3 chr2:139493912-139637674 167 232 445 572 714 502 618 487 2 1 8 3 20 5 30 14
ENSMUSG00000039116 Adgrg6 chr10:14402582-14545659 58 121 187 266 284 342 138 193 0 1 8 6 9 6 25 13
ENSMUSG00000039323 Igfbp2 chr1:72824502-72852474 2066 2302 5342 4079 7770 5523 12975 6046 715 219 1489 299 723 438 2046 452
ENSMUSG00000039384 Dusp10 chr1:184013301-184075636 77 124 179 169 202 173 384 207 34 26 48 17 55 31 69 36
ENSMUSG00000039405 Prss23 chr7:89507782-89527187 172 326 163 189 305 235 1457 645 39 27 14 14 24 13 72 16
ENSMUSG00000039457 Ppl chr16:5086290-5132421 680 1129 1260 1754 2096 1931 3205 2403 7 3 47 11 47 27 5 1
ENSMUSG00000039481 Nrtn chr17:56751324-56757530 50 32 140 58 177 84 286 56 23 5 56 6 27 9 34 11
ENSMUSG00000039529 Atp8b1 chr18:64528978-64661000 17 20 53 96 59 98 166 142 0 2 1 1 5 1 8 3
ENSMUSG00000039601 Rcan2 chr17:43801350-44039516 74 70 787 897 700 629 311 257 13 14 44 17 40 24 72 31
ENSMUSG00000039620 6430573F11Rik chr8:36457547-36516570 145 307 234 367 327 383 277 174 30 39 40 23 59 39 96 45
ENSMUSG00000039676 Capsl chr15:9436027-9466038 28 20 17 25 48 21 46 15 1 0 4 0 2 2 0 0
ENSMUSG00000039813 Tbc1d2 chr4:46604389-46650209 126 251 286 353 476 456 772 590 11 12 50 21 52 30 48 41
ENSMUSG00000039865 Slc44a3 chr3:121459527-121532404 28 34 64 95 80 82 51 46 0 1 1 0 3 0 4 0
ENSMUSG00000039952 Dag1 chr9:108204633-108263958 9308 12121 11444 9415 14047 8863 16113 8454 3308 1971 4634 1536 4278 1936 4815 2335
ENSMUSG00000040055 Gjb6 chr14:57123302-57133611 13 13 46 75 232 268 2092 983 0 0 8 1 2 3 5 2
ENSMUSG00000040152 Thbs1 chr2:118111875-118127133 1476 1801 2804 3635 8249 6469 5852 4973 795 456 1011 502 1158 471 1315 614
ENSMUSG00000040254 Sema3d chr5:12383384-12588948 584 1149 504 659 1164 742 3286 1880 47 18 40 15 253 35 414 375
ENSMUSG00000040296 Ddx58 chr4:40204848-40239828 232 292 258 410 272 275 372 261 20 18 82 42 98 55 120 77
ENSMUSG00000040434 Large2 chr2:92365045-92374869 860 1651 794 1197 1280 1068 1909 1392 101 81 182 105 195 111 158 101
ENSMUSG00000040488 Ltbp4 chr7:27305135-27337692 203 199 468 486 2125 1065 4821 2170 119 61 351 161 590 228 1169 521
ENSMUSG00000040505 Abcg5 chr17:84658233-84683011 112 183 164 184 90 144 85 55 13 4 7 2 9 5 26 12
ENSMUSG00000040525 Cblc chr7:19779717-19796809 74 98 116 143 325 192 486 269 1 1 7 0 3 0 0 1
ENSMUSG00000040564 Apoc1 chr7:19689480-19692660 101 111 213 215 238 182 154 78 4 4 9 2 19 5 23 4
ENSMUSG00000040624 Plekhg1 chr10:3740363-3967303 1121 2117 2100 3653 2657 3498 2781 2979 193 204 225 115 256 125 533 268
ENSMUSG00000040653 Ppp1r14c chr10:3366056-3464975 34 57 39 64 48 41 92 46 9 8 8 9 5 1 12 9
ENSMUSG00000040680 Kremen2 chr17:23741196-23745833 659 1009 1919 1810 2136 1573 3277 1950 3 0 53 14 40 10 7 4
ENSMUSG00000040714 Klc3 chr7:19394436-19404104 151 128 290 316 861 488 866 450 5 3 42 14 103 29 118 51
ENSMUSG00000040728 Esrp1 chr4:11331932-11386783 1847 3359 2875 4089 4988 4429 6668 4822 9 32 95 29 102 51 6 5
ENSMUSG00000040734 Ppp1r13l chr7:19359769-19378533 631 828 1206 1292 2520 1435 3019 1564 228 152 536 167 475 192 516 249
ENSMUSG00000040998 Npnt chr3:132881744-132950291 1404 2755 3252 4160 4173 3672 3886 3105 134 121 219 84 304 144 1394 532
ENSMUSG00000041372 B4galnt3 chr6:120203093-120294559 63 92 107 142 230 163 366 237 8 10 5 3 22 11 67 36
ENSMUSG00000041417 Pik3r1 chr13:101680562-101768217 1018 2275 2876 4856 6971 5565 7486 8595 260 342 513 265 417 274 865 426
ENSMUSG00000041439 Mfsd6 chr1:52656285-52727462 88 122 194 226 254 250 284 221 15 7 10 6 27 13 46 36
ENSMUSG00000041488 Stx3 chr19:11775117-11818942 239 652 299 619 473 601 520 548 29 38 14 22 18 24 34 19
ENSMUSG00000041548 Hspb8 chr5:116408490-116422864 847 1464 1389 1518 2825 1635 3276 1794 289 139 1125 399 952 458 650 350
ENSMUSG00000041559 Fmod chr1:134037253-134048277 157 184 345 361 1625 671 5208 2127 10 3 21 1 56 8 93 15
ENSMUSG00000041607 Mbp chr18:82475145-82585637 355 595 591 707 1144 818 1542 960 73 55 36 15 51 28 56 28
ENSMUSG00000041700 Lhfpl1 chrX:145290358-145349089 84 120 83 105 75 78 132 93 5 1 5 3 11 1 1 0
ENSMUSG00000041782 Lad1 chr1:135818597-135833342 2025 2489 3073 2498 3203 2139 4285 1720 90 75 115 22 78 26 25 7
ENSMUSG00000041801 Phlda3 chr1:135766118-135769136 829 1126 1120 904 962 780 1907 733 278 121 218 84 193 81 297 96
ENSMUSG00000041842 Fhdc1 chr3:84442197-84480429 131 246 343 412 609 462 1077 593 6 11 26 19 169 33 227 183
ENSMUSG00000041886 Macc1 chr12:119314269-119469987 51 105 217 367 320 471 491 511 0 2 6 2 13 4 0 0
ENSMUSG00000041911 Dlx1 chr2:71528112-71533980 766 1381 1656 2890 2357 2959 2604 2267 4 1 41 11 51 30 4 2
ENSMUSG00000041959 S100a10 chr3:93555079-93564643 417 535 950 1119 1936 1245 3242 1361 339 129 240 102 222 93 288 93
ENSMUSG00000041961 Znrf3 chr11:5276323-5444847 871 2191 1433 2402 1847 2049 2183 1958 332 566 554 368 311 329 475 432
ENSMUSG00000042116 Vwa1 chr4:155768148-155774698 419 504 770 721 975 618 879 585 84 27 79 28 137 44 162 65
ENSMUSG00000042251 Pm20d1 chr1:131797380-131821473 539 740 719 935 806 625 452 422 38 36 173 74 169 58 84 79
ENSMUSG00000042357 Gjb5 chr4:127354808-127358181 321 313 429 343 265 243 221 95 42 4 35 15 19 8 15 7
ENSMUSG00000042367 Gjb3 chr4:127325234-127330844 1614 2286 1849 1764 2494 1844 2239 1269 9 2 72 14 62 22 3 0
ENSMUSG00000042377 Fam83g chr11:61684418-61709951 295 512 424 403 403 361 593 312 76 42 265 101 150 105 159 95
ENSMUSG00000042425 Frmpd3 chrX:140342262-140435467 30 60 25 58 106 94 130 162 4 14 14 4 8 7 11 15
ENSMUSG00000042581 Thsd7b chr1:129273343-130219278 5 17 22 26 33 29 80 42 0 0 0 0 0 1 2 1
ENSMUSG00000042659 Arrdc4 chr7:68736994-68749241 638 1546 959 1510 1613 1668 1337 1351 433 380 519 238 479 351 296 396
ENSMUSG00000042724 Map3k9 chr12:81721009-81781175 265 460 391 475 682 543 767 498 27 28 47 24 37 24 50 31
ENSMUSG00000042751 Nmnat2 chr1:152954997-153119261 387 822 254 270 934 597 860 860 5 6 26 8 23 6 13 2
ENSMUSG00000042793 Lgr6 chr1:134983300-135105276 125 257 987 1020 457 463 1478 671 25 29 31 5 9 4 4 3
ENSMUSG00000042808 Gpx2 chr12:76792334-76795554 207 205 808 624 858 852 235 116 1 0 12 3 25 10 0 0
ENSMUSG00000042826 Fgf11 chr11:69796067-69801857 37 57 53 96 110 86 264 152 8 7 12 7 15 11 11 17
ENSMUSG00000042988 Notum chr11:120653787-120661175 420 826 1936 2159 930 1065 884 437 171 180 334 152 216 115 188 156
ENSMUSG00000043003 Rasef chr4:73714578-73790994 121 276 102 180 132 107 108 86 9 7 67 39 26 26 11 23
ENSMUSG00000043068 Fam89a chr8:124740256-124751832 444 708 412 472 653 515 612 395 81 44 59 28 63 27 35 12
ENSMUSG00000043088 Il17re chr6:113458483-113470758 43 51 128 162 215 201 329 254 0 0 2 1 6 6 2 0
ENSMUSG00000043415 Otud1 chr2:19657751-19660583 39 85 126 174 170 211 272 214 16 12 54 29 29 23 36 20
ENSMUSG00000043635 Adamts3 chr5:89677086-89883334 256 388 619 963 619 603 342 342 91 102 142 74 102 58 149 76
ENSMUSG00000043782 Bicdl2 chr17:23660522-23668610 79 101 162 190 134 189 203 122 0 0 9 4 3 2 1 0
ENSMUSG00000043822 Adamtsl5 chr10:80340840-80348412 15 17 53 68 140 64 127 173 3 0 3 3 1 2 0 0
ENSMUSG00000043969 Emx2 chr19:59458371-59465357 584 1292 841 911 1307 1259 3007 2039 288 140 23 5 24 18 18 4
ENSMUSG00000044042 Fmn1 chr2:113327735-113716767 784 1638 743 971 1390 1174 1433 1190 79 51 213 83 127 116 103 57
ENSMUSG00000044071 Fam19a2 chr10:123264075-123741204 32 72 227 319 324 228 400 305 8 5 6 3 22 7 89 52
ENSMUSG00000044243 Bhlha9 chr11:76672469-76673676 1025 1308 1964 1725 2994 2599 3119 1710 8 2 69 3 65 30 4 1
ENSMUSG00000044279 Crb3 chr17:57059104-57065918 81 121 134 94 176 118 228 88 3 3 4 0 4 0 0 0
ENSMUSG00000044337 Ackr3 chr1:90203979-90216751 466 859 580 749 1192 1062 3303 1725 149 92 80 61 254 144 819 271
ENSMUSG00000044393 Dsg2 chr18:20558073-20604521 1363 1999 2314 2729 3859 3388 5201 3426 34 45 64 10 138 65 204 104
ENSMUSG00000044433 Camsap3 chr8:3587292-3609075 796 1247 846 1166 1712 1218 1820 1245 80 32 321 91 441 184 433 217
ENSMUSG00000044816 D630023F18Rik chr1:65105284-65123214 30 58 20 28 32 47 26 39 0 0 2 0 0 0 0 1
ENSMUSG00000045009 Prrt3 chr6:113493638-113501931 32 42 32 25 49 43 43 43 4 6 10 0 12 3 6 5
ENSMUSG00000045027 Prss22 chr17:23993534-23998100 77 105 138 231 276 262 167 125 1 0 9 0 3 2 0 0
ENSMUSG00000045094 Arhgef37 chr18:61493793-61536536 17 19 29 82 192 125 233 137 1 1 13 16 27 16 49 16
ENSMUSG00000045216 Hs6st1 chr1:36068399-36106446 1192 1819 2136 2310 4795 3347 5070 3009 721 550 931 358 1097 465 1620 791
ENSMUSG00000045281 Gpr20 chr15:73694603-73707505 29 49 38 45 60 48 68 37 1 3 11 4 12 1 2 2
ENSMUSG00000045314 Sowahb chr5:93041122-93045022 111 234 162 170 165 173 289 178 54 14 8 6 11 4 1 3
ENSMUSG00000045319 Proser2 chr2:6097606-6130211 394 363 906 1057 1263 939 827 617 80 51 34 14 62 16 27 26
ENSMUSG00000045394 Epcam chr17:87635978-87651106 2665 4469 5529 6963 7208 5962 7326 5349 29 25 192 63 201 79 90 29
ENSMUSG00000045545 Krt14 chr11:100203161-100207548 128 248 1596 2176 14964 7638 35691 14029 5 2 77 5 330 94 60 4
ENSMUSG00000045629 Sh3tc2 chr18:61953074-62015715 211 427 315 369 494 452 670 500 138 130 224 99 87 110 56 51
ENSMUSG00000045659 Plekha7 chr7:116123484-116308376 607 1298 759 1304 1708 1679 2245 2068 96 83 100 48 188 91 135 150
ENSMUSG00000045667 Smtnl2 chr11:72389163-72411713 251 414 366 477 617 550 1123 622 227 113 144 38 97 59 86 46
ENSMUSG00000045679 Pqlc3 chr12:16988647-17000408 165 219 200 232 543 394 662 419 10 11 25 10 63 23 57 40
ENSMUSG00000046275 Tusc5 chr11:76679807-76698664 6 12 16 24 79 37 49 49 0 0 3 0 2 2 2 0
ENSMUSG00000046618 Olfml2a chr2:38931977-38963753 157 154 236 255 914 656 763 550 10 10 42 10 72 35 82 26
ENSMUSG00000046699 Slitrk4 chrX:64264884-64276996 129 241 252 416 150 258 67 80 9 19 12 6 16 11 11 5
ENSMUSG00000046761 Fam83h chr15:76001092-76014336 630 1025 987 1018 1505 1201 2425 1347 44 32 183 70 154 86 122 95
ENSMUSG00000046826 Fam187b chr7:30973803-30989726 42 76 57 56 88 57 80 50 2 0 2 2 4 1 13 2
ENSMUSG00000046844 Vat1l chr8:114205629-114374071 330 408 508 648 1197 715 497 419 186 74 40 9 81 31 98 48
ENSMUSG00000046876 Atxn1 chr13:45549754-45964977 54 178 324 693 356 514 340 468 28 43 28 20 37 40 43 64
ENSMUSG00000047094 Ofcc1 chr13:40001881-40361450 47 48 9 25 58 73 44 24 10 1 0 0 1 0 1 0
ENSMUSG00000047281 Sfn chr4:133600555-133602168 676 928 4115 3896 7312 4299 10483 4073 4 4 111 16 137 37 10 3
ENSMUSG00000047415 Gpr68 chr12:100876681-100908198 19 33 66 70 52 55 39 46 5 5 5 3 0 1 2 4
ENSMUSG00000047428 Dlk2 chr17:46297420-46303271 24 56 46 49 139 52 586 271 5 2 8 0 9 1 20 2
ENSMUSG00000047501 Cldn4 chr5:134945118-134946934 1472 1750 2359 2069 2515 1792 3471 1476 15 1 66 16 50 15 6 0
ENSMUSG00000047642 D930020B18Rik chr10:121641587-121693915 10 14 53 146 173 170 212 291 1 0 2 1 9 7 3 8
ENSMUSG00000047712 Ust chr10:8204808-8518825 359 733 458 474 774 513 1146 695 237 178 320 158 230 170 104 61
ENSMUSG00000047730 Fcgbp chr7:28071235-28120862 81 105 98 77 127 102 94 73 0 0 3 3 2 1 3 2
ENSMUSG00000047746 Fbxo40 chr16:36963459-36990467 260 432 119 129 44 75 12 16 5 1 7 4 0 2 0 0
ENSMUSG00000047751 Utf1 chr7:139943788-139945112 37 43 55 30 47 36 89 26 0 0 1 0 5 0 1 0
ENSMUSG00000047842 Diras2 chr13:52504379-52531279 250 228 411 360 551 591 464 414 27 11 13 1 15 6 3 1
ENSMUSG00000047904 Sstr2 chr11:113619341-113626028 105 109 91 146 85 105 59 32 0 0 4 2 0 3 2 4
ENSMUSG00000047976 Kcna1 chr6:126640396-126644813 17 29 76 74 51 73 47 30 1 3 4 0 1 2 2 2
ENSMUSG00000047986 Palm3 chr8:84021470-84030295 803 1204 482 573 660 468 521 490 116 121 155 24 214 75 76 127
ENSMUSG00000048022 Tmem229a chr6:24951140-24956297 172 440 205 270 161 123 345 189 73 46 73 26 29 22 28 24
ENSMUSG00000048216 Gpr85 chr6:13834457-13839942 32 43 188 295 232 211 242 163 5 6 10 7 28 3 9 4
ENSMUSG00000048249 Crebrf chr17:26715649-26776635 111 265 146 299 238 331 380 376 25 41 75 72 59 64 137 135
ENSMUSG00000048251 Bcl11b chr12:107910402-108003602 109 197 1083 1553 2355 2373 3299 2259 22 14 417 202 476 325 541 425
ENSMUSG00000048377 Foxi2 chr7:135410307-135413622 105 167 220 239 40 144 60 36 2 0 3 2 3 1 0 0
ENSMUSG00000048485 Zbtb8b chr4:129425764-129440853 101 184 106 137 213 167 389 267 20 8 15 2 4 0 13 4
ENSMUSG00000048562 Sp8 chr12:118846328-118852576 1993 4068 2706 3590 2507 3034 2811 2417 14 10 108 21 65 58 5 11
ENSMUSG00000048699 Krt90 chr15:101552355-101562950 44 74 89 74 60 43 51 23 6 9 3 1 1 0 1 1
ENSMUSG00000049313 Sorl1 chr9:41964719-42124297 1182 1943 1183 1511 1739 1290 2109 1429 282 202 325 129 157 95 311 137
ENSMUSG00000049382 Krt8 chr15:101996697-102004482 1812 2250 3633 2885 1979 2606 750 640 148 133 163 20 69 37 41 17
ENSMUSG00000049562 Ap5b1 chr19:5568073-5571261 91 127 102 95 172 121 279 103 23 19 54 15 52 21 90 27
ENSMUSG00000049866 Arl4c chr1:88673126-88702221 1696 2747 2118 2451 3217 2561 3241 2184 679 504 420 217 359 182 402 272
ENSMUSG00000050052 Tdrp chr8:13952007-13975032 148 213 284 325 698 477 912 638 28 19 33 21 63 32 39 34
ENSMUSG00000050071 Bex1 chrX:136213971-136215513 1742 2617 1385 1198 2329 1344 2378 1155 1246 597 946 333 698 331 657 261
ENSMUSG00000050447 Lypd6 chr2:50066428-50193569 232 453 594 1132 1032 1239 1057 924 46 29 50 67 120 86 123 106
ENSMUSG00000050520 Cldn8 chr16:88560827-88563183 24 64 108 179 127 248 308 271 0 1 4 2 4 6 0 0
ENSMUSG00000050875 A730017C20Rik chr18:59062281-59076962 290 560 545 850 950 857 915 543 18 13 55 35 91 32 218 41
ENSMUSG00000050917 Fgf4 chr7:144847366-144865243 48 26 2743 1439 53 469 45 15 0 0 24 6 0 4 1 0
ENSMUSG00000051000 Fam160a1 chr3:85660062-85746266 61 66 124 148 254 170 436 226 6 3 16 4 33 8 55 37
ENSMUSG00000051043 Gprc5c chr11:114851151-114872617 2707 4432 2834 2776 3040 2809 3993 2630 468 245 662 297 810 301 1081 535
ENSMUSG00000051339 2900026A02Rik chr5:113086322-113221236 1214 1815 1093 1257 2231 1693 4736 2278 285 246 471 179 698 263 651 419
ENSMUSG00000051379 Flrt3 chr2:140658197-140671469 1685 4407 2160 2660 1954 2530 2707 3089 661 722 925 415 350 364 889 491
ENSMUSG00000051397 Tacstd2 chr6:67534061-67535796 83 104 1330 1434 2527 1731 3877 1967 1 1 37 7 38 10 3 1
ENSMUSG00000051431 Gpr87 chr3:59178922-59195104 22 21 48 87 118 115 125 96 0 0 0 3 1 1 0 1
ENSMUSG00000051980 Casr chr16:36493695-36562134 18 39 45 41 145 74 279 210 0 0 2 0 0 1 0 1
ENSMUSG00000052180 Serpinb6c chr13:33879815-33905708 27 36 60 74 117 66 70 67 0 0 1 0 1 0 0 0
ENSMUSG00000052221 Ppp1r36 chr12:76417537-76439492 22 28 78 113 221 179 238 145 6 1 24 9 58 26 28 29
ENSMUSG00000052316 Lrrc15 chr16:30269301-30283256 96 79 224 308 779 439 698 458 9 4 34 15 80 46 18 53
ENSMUSG00000052397 Ezr chr17:6738040-6782784 1818 2303 3260 2801 6171 3461 7772 3716 543 374 947 448 2470 828 2335 1396
ENSMUSG00000052415 Tchh chr3:93442329-93449077 80 135 37 42 83 50 172 89 15 18 3 1 2 2 5 0
ENSMUSG00000052512 Nav2 chr7:48959096-49610090 984 1970 2281 3544 4217 4090 5269 4439 138 174 1069 595 584 501 547 411
ENSMUSG00000053024 Cntn2 chr1:132511781-132543256 924 1346 1994 1639 627 637 397 283 6 5 55 14 18 7 10 13
ENSMUSG00000053399 Adamts18 chr8:113697125-113848615 2606 5416 3775 6029 3897 4968 2566 2780 24 34 82 16 92 35 14 6
ENSMUSG00000053522 Lgals7 chr7:28863852-28866284 21 24 80 65 532 178 1330 310 0 0 4 1 24 9 151 28
ENSMUSG00000053747 Sox14 chr9:99874105-99876170 120 132 267 266 176 176 135 147 0 0 3 0 3 2 0 0
ENSMUSG00000054065 Pkp3 chr7:141078217-141090510 537 789 892 936 2144 1268 4014 1832 14 16 45 10 76 27 27 17
ENSMUSG00000054146 Krt15 chr11:100131757-100135928 81 119 38 55 107 65 2575 300 36 15 21 12 13 4 7 4
ENSMUSG00000054580 Pla2r1 chr2:60417542-60553308 440 557 637 1000 1258 1204 853 885 11 3 23 7 31 11 25 13
ENSMUSG00000054662 Ano9 chr7:141101211-141117806 6 36 9 53 10 55 20 83 1 1 0 1 0 1 0 1
ENSMUSG00000054889 Dsp chr13:38151293-38198577 3146 4510 8441 10092 23270 15011 35244 23566 471 175 298 58 439 191 194 69
ENSMUSG00000055044 Pdlim1 chr19:40221172-40271842 1897 2812 2421 2251 4513 2810 7759 3754 233 123 427 133 249 152 146 79
ENSMUSG00000055116 Arntl chr7:113207464-113314126 241 492 353 456 493 463 557 398 156 105 151 86 171 116 150 118
ENSMUSG00000055333 Fat2 chr11:55250608-55336564 681 1264 1203 1377 1407 1055 2101 1449 6 0 27 3 27 10 4 3
ENSMUSG00000055421 Pcdh9 chr14:93013409-93890679 22 49 31 46 181 74 198 136 0 3 18 8 31 9 74 42
ENSMUSG00000055976 Cldn23 chr8:35824711-35826559 15 16 117 168 152 170 337 184 2 1 3 1 6 3 3 0
ENSMUSG00000055980 Irs1 chr1:82233100-82291416 1375 3029 3627 6296 4726 5084 4921 4821 267 470 2121 1350 1107 988 1229 1043
ENSMUSG00000056078 Lipm chr19:34100942-34122687 13 41 27 30 21 29 69 59 0 0 1 0 0 0 0 0
ENSMUSG00000056602 Fry chr5:150118644-150497753 103 235 538 844 1424 1708 1966 2030 18 11 49 21 104 66 62 44
ENSMUSG00000056737 Capg chr6:72544390-72562983 569 571 954 888 2334 1297 3440 1285 110 43 331 61 259 95 197 88
ENSMUSG00000056895 Hist3h2ba chr11:58948919-58949533 24 27 60 63 294 114 406 171 6 0 15 1 31 1 64 11
ENSMUSG00000057092 Fxyd3 chr7:31068171-31076704 71 71 430 625 663 584 547 375 1 0 5 3 12 5 2 1
ENSMUSG00000057751 Megf6 chr4:154170729-154275713 3499 5002 5046 4735 11153 6110 16428 8674 1984 931 4060 1560 3137 1487 3440 1746
ENSMUSG00000057948 Unc13d chr11:116062094-116077961 42 97 145 196 222 162 300 193 31 24 52 25 54 32 19 14
ENSMUSG00000058665 En1 chr1:120602417-120607992 830 975 982 1337 2162 1345 1649 1481 24 9 24 9 49 8 5 1
ENSMUSG00000058914 C1qtnf3 chr15:10952331-10980150 8 21 162 187 115 226 92 108 0 1 12 4 3 0 0 0
ENSMUSG00000059479 B3gnt8 chr7:25626653-25629492 23 39 87 111 351 156 339 151 7 3 24 5 65 18 26 17
ENSMUSG00000059970 Hspa2 chr12:76404175-76406938 83 147 379 408 625 440 621 318 19 33 84 48 144 65 130 101
ENSMUSG00000060260 Pwwp2b chr7:139248481-139267975 283 600 503 681 1334 886 1936 945 91 77 161 88 261 123 423 171
ENSMUSG00000060487 Samd5 chr10:9622935-9675208 1079 1959 651 911 1071 997 3358 1718 63 64 182 114 148 86 229 140
ENSMUSG00000060780 Lrrtm1 chr6:77242696-77245517 236 286 443 514 542 374 302 253 12 15 8 8 77 5 62 54
ENSMUSG00000061517 Sox21 chr14:118233231-118237030 8 8 34 27 94 26 225 96 0 0 1 0 8 2 0 0
ENSMUSG00000061527 Krt5 chr15:101707069-101712898 3255 3505 11976 11676 27817 18321 65188 24146 24 1 433 90 570 152 110 5
ENSMUSG00000061601 Pclo chr5:14514917-14863459 34 74 39 104 113 86 77 103 13 6 15 8 20 10 30 21
ENSMUSG00000062157 Ifnlr1 chr4:135686286-135708181 74 147 138 255 183 279 422 324 8 3 14 8 17 10 32 25
ENSMUSG00000062432 Cyp26c1 chr19:37685580-37693398 10 4 45 79 313 206 620 269 0 0 3 0 1 1 0 1
ENSMUSG00000062609 Kcnj15 chr16:95257557-95300260 176 209 231 269 484 347 745 487 37 11 42 19 52 29 75 29
ENSMUSG00000063239 Grm4 chr17:27422386-27521403 146 123 379 310 307 245 141 154 5 8 17 5 13 4 92 22
ENSMUSG00000063297 Luzp2 chr7:54835614-55268885 13 12 77 153 126 133 23 65 0 0 0 0 2 3 2 1
ENSMUSG00000063531 Sema3e chr5:14025275-14256689 111 211 116 147 336 205 746 232 2 1 4 9 8 15 18 7
ENSMUSG00000064023 Klk8 chr7:43797576-43803822 218 257 289 303 676 386 937 415 123 66 122 52 144 60 150 49
ENSMUSG00000064247 Plcxd1 chr5:110099968-110103815 57 91 34 27 52 31 37 44 1 1 1 2 4 0 0 0
ENSMUSG00000066720 Cldn9 chr17:23682583-23684018 59 86 46 44 23 37 37 15 1 0 12 5 5 3 1 1
ENSMUSG00000066894 Vsig10 chr5:117319082-117355005 70 105 207 387 626 579 642 538 57 30 149 102 188 118 159 159
ENSMUSG00000068617 Efcab1 chr16:14906636-14926137 81 165 65 130 207 162 351 246 27 17 36 14 40 28 32 44
ENSMUSG00000068740 Celsr2 chr3:108390850-108415552 875 1573 2712 4065 3171 3151 2933 2430 82 77 353 187 442 299 520 370
ENSMUSG00000068876 Cgn chr3:94760068-94786492 585 907 762 1033 1006 862 1454 924 47 46 113 41 136 77 50 75
ENSMUSG00000069581 Tspear chr10:77686568-77886769 51 81 25 49 115 72 205 122 15 10 23 4 21 11 20 10
ENSMUSG00000069911 Fam196b chr11:34314821-34422640 166 364 147 290 1044 720 1492 1135 1 3 25 6 48 19 17 13
ENSMUSG00000070337 Gpr179 chr11:97332108-97352016 41 70 88 87 109 121 79 80 12 12 39 6 9 2 6 11
ENSMUSG00000070473 Cldn3 chr5:134986213-134987472 424 338 451 348 417 336 552 229 1 1 10 3 6 5 1 0
ENSMUSG00000070985 Acnat1 chr4:49447104-49473912 14 18 20 32 17 28 35 14 0 0 2 0 1 1 3 0
ENSMUSG00000072568 Fam84b chr15:60818993-60825080 516 1151 752 1093 1378 1399 2920 1798 255 141 514 203 182 153 203 160
ENSMUSG00000072770 Acrbp chr6:125049688-125063267 129 245 214 318 237 248 215 182 17 32 32 66 28 55 22 71
ENSMUSG00000072944 Nup62cl chrX:140006804-140062712 163 315 104 157 138 177 101 87 28 14 8 7 17 3 34 6
ENSMUSG00000074121 Ntf5 chr7:45413694-45417179 284 390 580 524 1050 691 1223 720 5 4 25 8 33 14 18 5
ENSMUSG00000074227 Spint2 chr7:29256340-29281912 1596 2157 3607 3617 5043 3410 5681 3059 58 47 210 60 337 110 944 283
ENSMUSG00000074277 Phldb3 chr7:24610762-24629297 61 51 204 206 310 188 538 210 4 2 16 2 8 4 6 5
ENSMUSG00000074505 Fat3 chr9:15910188-16501285 352 683 1433 2689 2636 2414 1568 2217 111 89 263 103 391 158 476 308
ENSMUSG00000074647 Fam83c chr2:155827547-155834854 22 42 68 86 151 116 261 141 0 0 5 0 1 0 0 0
ENSMUSG00000074923 Pak6 chr2:118663302-118698020 72 182 144 214 244 195 441 257 8 3 7 5 9 11 3 13
ENSMUSG00000075012 Fjx1 chr2:102449365-102452499 1545 2112 3480 3115 3670 3248 5310 2713 457 257 1258 405 575 360 1583 585
ENSMUSG00000075296 Aldh3b2 chr19:3972327-3981645 45 78 219 185 310 251 482 186 1 0 4 1 5 5 0 0
ENSMUSG00000076441 Ass1 chr2:31470206-31520672 256 367 476 377 576 339 719 338 27 22 42 14 45 22 86 30
ENSMUSG00000078234 Klhdc7a chr4:139960219-139968026 127 219 100 108 68 71 17 33 5 2 4 3 4 0 0 1
ENSMUSG00000078487 Ankrd65 chr4:155790438-155799503 49 72 69 70 52 58 40 36 0 0 0 2 2 0 0 1
ENSMUSG00000078612 Fyb2 chr4:104913455-105016863 5 15 26 38 26 30 42 25 0 0 0 0 2 1 1 0
ENSMUSG00000078954 Arhgap8 chr15:84720051-84772207 130 177 283 258 356 383 445 218 10 4 15 7 20 25 21 9
ENSMUSG00000079679 Vwde chr6:13156298-13224965 241 700 1370 2732 1934 2007 1248 1023 1 1 31 5 29 13 21 13
ENSMUSG00000084128 Esrp2 chr8:106130318-106136974 359 708 1577 2115 1922 2049 2436 1762 6 7 40 17 40 19 7 2
ENSMUSG00000086040 Wipf3 chr6:54429602-54503768 131 213 284 256 290 293 349 145 3 1 23 8 45 15 150 37
ENSMUSG00000087141 Plcxd2 chr16:45959262-46010218 98 226 146 290 357 425 189 272 70 47 68 33 38 52 68 58
ENSMUSG00000089876 Tmem102 chr11:69803602-69805624 130 151 134 137 242 153 420 188 4 1 6 3 7 3 5 0
ENSMUSG00000090071 Cdk5r2 chr1:74854933-74857732 28 19 30 41 63 36 52 22 3 3 6 0 10 2 7 5
ENSMUSG00000090122 Kcne1l chrX:142304751-142306294 39 65 194 142 444 259 548 257 25 11 34 14 99 34 159 46
ENSMUSG00000095105 Edaradd chr13:12472631-12520438 199 519 519 725 384 629 860 720 30 33 68 55 42 61 141 80
ENSMUSG00000096215 Smim22 chr16:5007287-5008309 17 14 22 13 30 26 29 15 0 0 1 1 0 1 0 0
ENSMUSG00000098132 Rassf10 chr7:112953961-112957457 152 357 409 502 298 343 636 319 3 2 19 8 10 4 18 5
ENSMUSG00000102758 Naaladl2 chr3:23798101-24783622 45 61 38 87 92 68 121 125 7 9 5 2 2 2 11 6
