gene_id	gene_short_name	locus	ECT115_R1	ECT115_R2	ECT125_R1	ECT125_R2	baseMean	log2FoldChange	lfcSE	stat	pvalue	padj
ENSMUSG00000022206	Npr3	chr15:11839895-11907287	45.4358654187031	56.6225508927585	843.64007063941	534.178868030462	369.969338745333	3.764461737494	0.39828895316852	9.45158460345551	3.33739486175101e-21	4.48846234956893e-17
ENSMUSG00000063415	Cyp26b1	chr6:84571413-84593908	5148.35357813305	2965.29837175337	711.664693252254	634.643701008668	2364.99008603684	-2.59130556317948	0.336356565895523	-7.70404334543115	1.31827100700054e-14	5.90980892438344e-11
ENSMUSG00000071984	Fndc1	chr17:7738568-7827302	30.551702609128	36.9277505822338	784.334679535055	291.593051814793	285.851796135303	4.00339176747239	0.519073085151042	7.71257821296489	1.23301065395014e-14	5.90980892438344e-11
ENSMUSG00000042607	Asb4	chr6:5383385-5433022	1970.97650678374	624.078984839751	60.1406783030074	123.74326988779	694.734859953573	-3.82749138477771	0.530123499040648	-7.21999947503597	5.19877749502611e-13	1.74795896326516e-09
ENSMUSG00000025407	Gli1	chr10:127329881-127341974	600.85015131285	1262.9290699124	48.4466575218671	115.167003657944	506.848220601264	-3.52038343306086	0.491609691482054	-7.16093171891703	8.01305567726021e-13	1.79612643005788e-09
ENSMUSG00000028681	Ptch2	chr4:117096074-117115383	635.318738871866	2434.76968838861	77.6817094747179	129.869174337681	819.40982776822	-3.89053023895501	0.542230575751478	-7.17504768808568	7.22819860644117e-13	1.79612643005788e-09
ENSMUSG00000019929	Dcn	chr10:97479608-97518143	25.8514406692621	13.5401752134857	459.407959259084	198.479304176456	174.319719829572	4.03661882613888	0.567967943746146	7.10712439070866	1.18485640206271e-12	2.27644767876305e-09
ENSMUSG00000047414	Flrt2	chr12:95692225-95785215	254.597521742733	241.261303803927	2074.0181142551	1027.92676669165	899.450926623352	2.64557264042719	0.384141115137323	6.88698120606396	5.69887474789862e-12	9.58052081056107e-09
ENSMUSG00000040055	Gjb6	chr14:57123302-57133611	181.743461674812	329.887905201288	1747.42081958183	1204.35281484849	865.851250326606	2.53407599622236	0.380698695625435	6.65638213458869	2.80649998207211e-11	4.19384647320975e-08
ENSMUSG00000031654	Cbln1	chr8:87468404-87472609	233.446343013337	262.18702913386	30.9056263501566	33.0798840294093	139.904720631691	-2.95523386957909	0.449847434572866	-6.56941363328015	5.0513783329153e-11	6.79359871993779e-08
ENSMUSG00000054146	Krt15	chr11:100131757-100135928	83.8213379276075	80.0101262615065	2150.86453653117	367.554266993437	670.56256692843	3.94265014109346	0.609945632705472	6.46393699649174	1.02013359678696e-10	1.2472524311989e-07
ENSMUSG00000074934	Grem1	chr2:113746163-113758646	78.337698997764	436.978381889766	3.34114879461152	9.80144711982498	132.114669200492	-5.34332020276482	0.834248138640529	-6.40495310121059	1.50415609671217e-10	1.68578294539017e-07
ENSMUSG00000042808	Gpx2	chr12:76792334-76795554	672.137457400815	1048.74811653544	196.292491683427	142.120983237462	514.824762214286	-2.34113582736639	0.370965776845461	-6.3109213126732	2.77379206174659e-10	2.86959457218692e-07
ENSMUSG00000031906	Smpd3	chr8:106252547-106337988	569.515071713744	1537.42534924033	163.716290935965	105.365556538119	594.00556710704	-2.96371801641089	0.478100919286927	-6.19893812551372	5.68453721293759e-10	5.46081006977126e-07
ENSMUSG00000046352	Gjb2	chr14:57098599-57104702	1216.58446543527	1628.51380067651	6182.79584442862	4413.1015657012	3360.2489190604	1.89786975469869	0.307817403361242	6.16557002292502	7.02296826912871e-10	6.2967933501008e-07
ENSMUSG00000067586	S1pr3	chr13:51408638-51422797	1284.73826356333	1227.23224434957	275.644775555451	392.057884792999	794.918292065337	-1.91467829563337	0.315358171689356	-6.07144024642375	1.26768131021329e-09	1.06556537131616e-06
ENSMUSG00000001473	Tubb6	chr18:67390716-67402748	575.782087633565	1302.31867053344	164.551578134618	154.372792137243	549.256282109718	-2.55577535086109	0.425107464462558	-6.01206886379242	1.83170475994112e-09	1.44909395979107e-06
ENSMUSG00000025650	Col7a1	chr9:108953585-108984875	1129.62961954776	1238.31056952424	3546.62944548013	3319.01503095073	2308.39616637572	1.53622855314851	0.260215851002425	5.90367015395305	3.5550259807468e-09	2.65619691194798e-06
ENSMUSG00000062372	Otof	chr5:30367061-30461932	85.3880919075627	155.096552445382	2.50586159595864	7.35108533986874	62.585397822193	-4.67830709161262	0.795068495180517	-5.88415604438009	4.00090233982268e-09	2.83200713517238e-06
ENSMUSG00000025219	Fgf8	chr19:45736797-45742915	3702.23965463433	7688.35767122107	1161.0492061275	1372.2025967755	3480.9622821896	-2.16875702794589	0.371493015486545	-5.83794832617639	5.28475411201949e-09	3.5537329026275e-06
ENSMUSG00000042499	Hoxd11	chr2:74682322-74684168	607.900544222648	97.2430765332156	20.0468927676691	19.60289423965	186.198351940796	-4.15491039315042	0.71735691778248	-5.79197090061421	6.95651975991923e-09	4.4551540119597e-06
ENSMUSG00000029449	Rhof	chr5:123103043-123132692	86.954845887518	171.098577697683	5.01172319191728	9.80144711982498	68.2166484742359	-4.15820285241984	0.724174149545669	-5.74199293778796	9.35687254662852e-09	5.72002631270941e-06
ENSMUSG00000016763	Scube1	chr15:83605002-83725021	2871.86004525803	4867.07752673841	806.887433898683	1150.44485568946	2424.06746539615	-1.98372903245551	0.350291084684783	-5.66308741268881	1.48673373791339e-08	8.69351393095531e-06
ENSMUSG00000033737	Fndc3c1	chrX:106420040-106485401	1255.75331493416	1051.20996657425	177.080886114411	346.726191863809	707.692589871658	-2.14410527326598	0.38280232467577	-5.6010769398593	2.13024150807891e-08	1.19373408508972e-05
ENSMUSG00000024087	Cyp1b1	chr17:79706952-79715041	387.771610038932	344.659005434182	1423.32938650451	1040.17857559143	798.984644392262	1.7496416762978	0.313624233295439	5.57878343109286	2.42206568276561e-08	1.29916346050862e-05
ENSMUSG00000028255	Clca1	chr3:145003816-145032776	131.607334316243	311.424029910172	27.5644775555451	15.9273515697156	121.630798337919	-3.32704032380808	0.597686183086299	-5.56653377300458	2.59856435777401e-08	1.29916346050862e-05
ENSMUSG00000039405	Prss23	chr7:89507782-89527187	238.92998194318	289.267379560831	1217.01344843725	790.241674035889	633.863120994287	1.92910650250552	0.346594446387469	5.56588982487306	2.60818004563408e-08	1.29916346050862e-05
ENSMUSG00000030047	Arhgap25	chr6:87458544-87533259	31.3350795991056	39.3896006210494	290.679945131203	171.525324596937	133.232487487074	2.71913025615969	0.498312459407089	5.45667724101263	4.85127010033843e-08	2.33016898498041e-05
ENSMUSG00000027004	Frzb	chr2:80411969-80447625	255.380898732711	487.446307685486	39.2584983366854	74.7360342886655	214.205434760887	-2.7138633786684	0.498142697275226	-5.44796379333246	5.09497262043465e-08	2.36283747490433e-05
ENSMUSG00000056427	Slit3	chr11:35121223-35708507	1252.61980697425	375.432130919377	122.787218201973	116.392184547922	466.807835160879	-2.76824098992746	0.511658238520258	-5.41033209576249	6.29079804140402e-08	2.72919170512395e-05
ENSMUSG00000018909	Arrb1	chr7:99535465-99606771	1472.74874115796	3717.39355861153	519.548637562092	566.033571169893	1568.93112712537	-2.25691955221663	0.418506421657617	-5.39279551142236	6.93698823883891e-08	2.91548608825452e-05
ENSMUSG00000027868	Tbx15	chr3:99240380-99354259	473.943078936472	137.863602173673	14.199882377099	39.2057884792999	166.303087991636	-3.54290754885217	0.664337130463596	-5.3329964356799	9.66052085660474e-08	3.82130426471992e-05
ENSMUSG00000047786	Lix1	chr17:17402671-17459387	476.293209906405	97.2430765332156	17.5410311717105	26.9539795795187	154.507824297712	-3.70236993292072	0.694231201565263	-5.33305032181368	9.65765336362153e-08	3.82130426471992e-05
ENSMUSG00000005917	Otx1	chr11:21994763-22002897	680.754604290569	342.197155395366	2116.6177613864	1808.36699360771	1236.98412867001	1.93701768407924	0.3717109165906	5.21108635131277	1.87738038028115e-07	6.66031882596666e-05
ENSMUSG00000052504	Epha3	chr16:63543533-63864158	296.899879201525	268.341654230899	28.3997647541979	66.1597680588186	164.95026656136	-2.59889312034227	0.498766232506899	-5.21064368628107	1.88186568062111e-07	6.66031882596666e-05
ENSMUSG00000071553	Cpa2	chr6:30541581-30564476	724.623715729317	244.954078862151	73.5052734814535	75.9612151786436	279.761070812891	-2.70066500423512	0.517660911836516	-5.21705414197475	1.81791135019954e-07	6.66031882596666e-05
ENSMUSG00000047428	Dlk2	chr17:46297420-46303271	108.889401606892	64.0081010092052	489.478298410588	332.024021184071	248.599955552689	2.23971066429053	0.432094672989223	5.18337948671353	2.179010447695e-07	7.51423372078208e-05
ENSMUSG00000032796	Lama1	chr17:67697264-67822645	1237.73564416467	892.42063907065	273.138913959492	367.554266993437	692.712366047062	-1.73651284256305	0.336317318777057	-5.16331674169351	2.42612094671123e-07	8.15722515307982e-05
ENSMUSG00000029026	Trp73	chr4:154056252-154140208	669.003949440904	723.783911411782	2271.98118033584	1696.8755326197	1340.41114345206	1.51168310427583	0.293893251202375	5.14364687889648	2.69455802867606e-07	8.83880754333275e-05
ENSMUSG00000009900	Wnt3a	chr11:59248032-59290752	38.3854725089043	32.0040505046026	370.032229003226	140.895802347484	145.329388591054	2.85817123141328	0.562397319226206	5.08212100894399	3.73243497582215e-07	0.000116738413929842
ENSMUSG00000041482	Piezo2	chr18:63010212-63387183	43.0857344487702	76.3173512032832	350.82062343421	251.162082445515	180.346447882945	2.34944840520163	0.46200232895515	5.08536052299795	3.6692839931633e-07	0.000116738413929842
ENSMUSG00000068196	Col8a1	chr16:57624257-57754737	18.0176707694857	24.6185003881559	294.021093925814	99.239652088228	108.974229292921	3.22039681220722	0.635928286259875	5.06408801399218	4.10360041004995e-07	0.000125430277079004
ENSMUSG00000038521	C1s1	chr6:124530344-124542359	62.6701591982112	45.5442257180883	233.880415622807	268.314614905209	152.602353861079	2.20397211329615	0.436239404878641	5.05220777547429	4.36732232647858e-07	0.000130524706597356
ENSMUSG00000058806	Col13a1	chr10:61838235-61979108	136.307596256109	185.869677930577	16.7057439730576	29.404341359475	92.0718398798046	-2.82250387449783	0.559504041067864	-5.0446532416653	4.54344576655792e-07	0.000132836526335734
ENSMUSG00000024421	Lama3	chr18:12333818-12583013	718.356699809496	385.279531074639	2186.78188607324	1723.82951219922	1253.56190728915	1.82266185868449	0.363981251078558	5.00757072866675	5.51212990734845e-07	0.000157729010901977
ENSMUSG00000006205	Htra1	chr7:130936202-130985660	538.179992114638	440.67115694799	2053.13593428878	1211.70390018836	1060.92274588494	1.73750964076456	0.348458947265788	4.98626783556017	6.15567957763443e-07	0.000172474447165845
ENSMUSG00000032394	Igdcc3	chr9:65141188-65185872	325.884827830698	941.657639846961	49.28194472052	132.319536117637	362.285987128954	-2.81039559268586	0.571042681267169	-4.92151582513844	8.5876456708959e-07	0.000235704584954855
ENSMUSG00000021508	Cxcl14	chr13:56288642-56296551	8010.81309951134	6585.44885383169	27997.9916116459	16424.7750110467	14754.7571440089	1.60568106827211	0.326928247014645	4.91141736125414	9.0420394584948e-07	0.000243212777354593
ENSMUSG00000038210	Hoxa11	chr6:52242105-52245810	126.907072376378	78.7792012420987	11.6940207811403	4.90072355991249	55.5702544898823	-3.59296002236467	0.73252397648068	-4.90490432767347	9.34728881567097e-07	0.000246493504474429
ENSMUSG00000000938	Hoxa10	chr6:52231196-52240854	883.649244694778	217.873728435179	63.4818270976189	91.8885667483592	314.223341743984	-2.83192405616615	0.581295348089438	-4.87174732341128	1.10615579674539e-06	0.000286090179046708
ENSMUSG00000029135	Fosl2	chr5:32135800-32157842	405.789280808417	556.378108772322	1462.58788484119	1255.81041222758	920.141421662378	1.50098948669399	0.310052850573846	4.84107623560292	1.2913781490873e-06	0.000327693296737266
ENSMUSG00000060402	Chst8	chr7:34674467-34812686	224.829196123583	168.636727658868	39.2584983366854	41.6561502592562	118.595143094598	-2.28591390111407	0.473141946691275	-4.83134906363656	1.35611005891465e-06	0.000337746744117465
ENSMUSG00000041559	Fmod	chr1:134037253-134048277	1272.98760871366	825.950688022629	4350.1757305842	2605.95975298347	2263.76844507599	1.72790122284531	0.358176557065778	4.82416056762751	1.40594124059439e-06	0.000343790977177345
ENSMUSG00000004044	Cavin1	chr11:100956732-100970887	606.333790242693	384.048606055231	2418.15644010009	1269.28740201734	1169.45655960384	1.89526504977492	0.393498145538188	4.81645230419768	1.46133074425399e-06	0.000350954235347712
ENSMUSG00000038526	Car14	chr3:95897767-95904691	865.631573925292	194.486153066431	70.9994118854949	77.1863960686217	302.07588373646	-2.84201328726263	0.592675695809825	-4.79522495583244	1.62492378978945e-06	0.000383396492085584
ENSMUSG00000024304	Cdh2	chr18:16588876-16809246	1677.9935125321	1786.07220316071	280.656498747368	640.769605458558	1096.37295497468	-1.91353617637766	0.399487368078728	-4.78997918152085	1.66798617829984e-06	0.000386771484688871
ENSMUSG00000061524	Zic2	chr14:122475434-122479852	567.164940743811	102.166776610847	36.7526367407268	35.5302458093656	185.403649976188	-3.21364273119695	0.677418892258519	-4.74395203311003	2.09588497364449e-06	0.000477755203568554
ENSMUSG00000027547	Sall4	chr2:168748331-168767201	466.109309036696	217.873728435179	52.6230935151315	82.0871196285342	204.673312653885	-2.35449327676424	0.497219663494053	-4.73531810914071	2.18711778990572e-06	0.000490242452607367
ENSMUSG00000038580	Sct	chr7:141278330-141279133	221.695688163672	409.898031462795	61.8112527003132	78.4115769585999	192.954137321345	-2.17252265659567	0.461330583853638	-4.70925347816291	2.48625720906131e-06	0.000548158577125664
ENSMUSG00000014198	Zfp385c	chr11:100627542-100692455	126.907072376378	189.5624529888	29.2350519528508	26.9539795795187	93.1646392243868	-2.48765927243138	0.531255709905919	-4.68260241922279	2.83255579415358e-06	0.000614436175412442
ENSMUSG00000032292	Nr2e3	chr9:59942770-59950117	54.8363892984348	40.6205256404572	282.327073144674	175.200867266872	138.246213837609	2.25540076906356	0.48268833924664	4.67258184149154	2.97436935512601e-06	0.000634957039001425
ENSMUSG00000038193	Hand2	chr8:57320982-57324633	762.225811248243	210.488178318733	36.7526367407268	95.5641094182936	276.257683931499	-2.89013300236459	0.619068673897973	-4.66851760430201	3.03380785994649e-06	0.000637526279819068
ENSMUSG00000033981	Gria2	chr3:80681449-80802835	7.05039290979876	7.38555011644676	43.4349343299498	171.525324596937	57.3490504882831	3.8931765259579	0.838081392516083	4.64534418819374	3.39509935779775e-06	0.00070247217327726
ENSMUSG00000049382	Krt8	chr15:101996697-102004482	1550.30306316575	3207.79060057671	626.465398989661	784.115769585999	1542.16870807953	-1.75404476913464	0.382594659622851	-4.58460337858275	4.54849003230222e-06	0.000899597683006361
ENSMUSG00000030519	Apba2	chr7:64501705-64753878	183.310215654768	61.5462509703896	14.199882377099	9.80144711982498	67.2144490305203	-3.34242346576438	0.733431393391428	-4.55724079427365	5.18299929568042e-06	0.00098605497369866
ENSMUSG00000040856	Dlk1	chr12:109452848-109463336	377.587709169222	326.195130143065	60.9759655016603	116.392184547922	220.287747340467	-1.99947002197183	0.438833728160084	-4.55632713181617	5.20558429121904e-06	0.00098605497369866
ENSMUSG00000017969	Ptgis	chr2:167191804-167240604	177.826576724924	171.098577697683	35.9173495420739	42.8813311492343	106.930958778479	-2.15233067908062	0.477133298955352	-4.51096304490379	6.4533964164551e-06	0.00120544067229034
ENSMUSG00000062393	Dgkk	chrX:6779305-6948363	174.693068765014	150.172852367751	28.3997647541979	39.2057884792999	98.1178685915656	-2.27589176995938	0.506307294018023	-4.49507995805876	6.95438099796578e-06	0.00128122561700879
ENSMUSG00000018339	Gpx3	chr11:54902452-54910377	318.834434920899	249.877778939782	76.0111350774121	85.7626622984686	182.621502809141	-1.81808172832347	0.405322503896986	-4.48551884201708	7.27367180367183e-06	0.00132194070388625
ENSMUSG00000030268	Bcat1	chr6:144993834-145076184	1072.44309927939	279.419979405569	135.316526181767	112.716641877987	399.974061686178	-2.446931676898	0.547122606399027	-4.47236441755325	7.7359448520488e-06	0.00138720963086939
ENSMUSG00000029112	Nkx1-1	chr5:33430733-33433976	174.693068765014	206.795403260509	48.4466575218671	42.8813311492343	118.204115174156	-2.05762659860551	0.461819042704545	-4.45548236070011	8.3704778358419e-06	0.00148124416334523
ENSMUSG00000024565	Sall3	chr18:80966375-80986578	312.567419001078	596.998634412779	104.41089983161	135.995078787572	287.49300800826	-1.92045067518426	0.432807052596474	-4.43719820105332	9.11373699898233e-06	0.00159182660908199
ENSMUSG00000059898	Dsc3	chr18:19960929-20002351	440.257868367434	369.277505822338	2058.1476574807	856.401442094708	931.021118441294	1.8482388285976	0.420541182560294	4.39490567212788	1.10820865215852e-05	0.00184003681023209
ENSMUSG00000014603	Alx3	chr3:107595030-107605776	371.320693249401	468.982432394369	144.504685366948	144.571345017419	282.344789007034	-1.53794523263516	0.356657523033232	-4.31210652604643	1.61706486387392e-05	0.00262022956075185
ENSMUSG00000031613	Hpgd	chr8:56294584-56321043	159.025528965461	50.4679257957195	437.69049209411	518.251516460746	291.358865829009	2.17731529375573	0.509184121390743	4.27608639446335	1.9020743411657e-05	0.00300163716366868
ENSMUSG00000058145	Adamts17	chr7:66839734-67153171	1081.06024616914	454.211332161476	3525.74726551381	2053.40317160333	1778.60550386194	1.85997213560919	0.435176317978832	4.27406561149235	1.9194051310544e-05	0.00300163716366868
ENSMUSG00000027684	Mecom	chr3:29951295-30509822	1962.35935989399	507.141107996011	227.198118033584	295.268594484728	747.991795102077	-2.24302284830522	0.525857922988189	-4.26545412791203	1.99496001208882e-05	0.00308393301179109
ENSMUSG00000020607	Fam84a	chr12:14146829-14152054	226.395950103538	392.665081191086	1519.38741434959	713.055277967268	712.87593090287	1.85450671005119	0.436512175218752	4.24846502648369	2.15240240553329e-05	0.00324368220777126
ENSMUSG00000041703	Zic5	chr14:122456794-122465677	135.524219266132	43.0823756792727	9.18815918518169	6.12590444989061	48.4801646451192	-3.53238365013129	0.831819920959734	-4.24657255870442	2.17065505762074e-05	0.00324368220777126
ENSMUSG00000002633	Shh	chr5:28456814-28467256	23.5013096993292	49.2370007763117	0	0	18.1845776189102	-7.60499186738826	1.79337481149146	-4.24060370350777	2.22919412773245e-05	0.00329455294767842
ENSMUSG00000061353	Cxcl12	chr6:117168534-117181367	260.081160672576	432.054681812135	824.428465070393	1303.59246693672	705.039193622957	1.62278430388286	0.382927198755668	4.2378402713522	2.25680228893541e-05	0.0032991015199883
ENSMUSG00000028661	Epha8	chr4:136929418-136956816	37.6020955189267	67.7008760674286	2.50586159595864	0	26.9522082955785	-5.2168740914573	1.23217584318739	-4.23387142371034	2.29702306330576e-05	0.00330533223906161
ENSMUSG00000054150	Syne3	chr12:104929932-105009809	101.055631707116	200.64077816347	25.8939031582393	29.404341359475	89.248663597075	-2.44659019055256	0.578335977878998	-4.23039597073874	2.33280308304482e-05	0.00330533223906161
ENSMUSG00000057777	Mab21l2	chr3:86545580-86548283	205.244771374142	156.32747746479	12.5293079797932	45.3316929291906	104.858312436979	-2.67234830081287	0.631730362097163	-4.23020399390247	2.33479487479257e-05	0.00330533223906161
ENSMUSG00000035864	Syt1	chr10:108497649-109010982	131.607334316243	92.3193764555844	616.441952605826	274.4405193551	278.702295683188	1.98997280675323	0.471318417283283	4.2221409853313	2.41992658481958e-05	0.00335521573600398
ENSMUSG00000059049	Frem1	chr4:82897919-83052339	2874.21017622796	5371.75678469561	874.545696989566	1657.6697441404	2694.54560051338	-1.70385532800543	0.404711489306631	-4.21004931420293	2.55314953328768e-05	0.00350380694624347
ENSMUSG00000021466	Ptch1	chr13:63508327-63573598	2085.34954732048	6937.49340938232	967.262576040036	1295.01620070688	2821.28043336243	-1.99577871902827	0.475141531127803	-4.20038785978372	2.66458119635942e-05	0.0036197931828119
ENSMUSG00000036040	Adamtsl2	chr2:27079378-27108981	130.040580336288	210.488178318733	35.9173495420739	40.4309693692781	104.219269391593	-2.15643048446954	0.515771041771347	-4.18098402163791	2.90250262233127e-05	0.00386492651165676
ENSMUSG00000043342	Hoxd9	chr2:74697726-74700208	175.476445754991	27.0803504269714	8.35287198652881	4.90072355991249	53.952597932101	-3.9187155076281	0.9417768250198	-4.16098103448841	3.16883403710781e-05	0.00414070230282655
ENSMUSG00000028073	Pear1	chr3:87749096-87824306	208.378279334052	56.6225508927585	18.3763183703634	13.4769897897594	74.2135345967333	-3.05313879203238	0.736153746805452	-4.14742002642996	3.36242863627256e-05	0.00423942817250544
ENSMUSG00000033788	Dysf	chr6:84008589-84211060	480.210094856293	241.261303803927	86.8698686598996	109.041099208053	229.345591632043	-1.88698508306546	0.455065033088472	-4.146627285904	3.37408640285771e-05	0.00423942817250544
ENSMUSG00000038203	Hoxa13	chr6:52257693-52260880	1157.04781419697	200.64077816347	113.599059016792	113.941822767965	396.3073685363	-2.57880667877734	0.622212153622362	-4.14457779997414	3.40440361834031e-05	0.00423942817250544
ENSMUSG00000047261	Gap43	chr16:42248441-42340651	140.224481205998	94.7812264944	23.3880415622807	19.60289423965	69.499160875582	-2.44805086230074	0.590316157314944	-4.14701652998237	3.36835752563036e-05	0.00423942817250544
ENSMUSG00000027748	Trpc4	chr3:54156056-54318471	121.423433446534	80.0101262615065	376.714526592449	286.692328254881	216.210103638843	1.7134393690922	0.414515727494895	4.13359314361191	3.57135462023964e-05	0.00436646802614572
ENSMUSG00000067860	Zic3	chrX:58022699-58041736	480.993471846271	93.5503014749922	37.5879239393796	46.5568738191687	164.672142769953	-2.77826758345645	0.671909604039918	-4.13488297644782	3.55135555199457e-05	0.00436646802614572
ENSMUSG00000021604	Irx4	chr13:73260478-73269608	64.2369131781665	155.096552445382	431.843481703539	390.832703903021	260.502412807527	1.91894006152014	0.467040643498048	4.1087217745069	3.97855033718119e-05	0.00477745745399552
ENSMUSG00000050368	Hoxd10	chr2:74691923-74695105	440.257868367434	68.9318010868364	27.5644775555451	36.7554266993437	143.37739342729	-2.99331398411786	0.730072886749248	-4.10002074922411	4.13113097623924e-05	0.00491677703534881
ENSMUSG00000050296	Abca12	chr1:71242275-71414910	100.272254717138	86.1647513585455	294.856381124467	268.314614905209	187.40200052634	1.59216989590412	0.391090583803474	4.07110260855627	4.6791131645654e-05	0.00552012218861755
ENSMUSG00000006362	Cbfa2t3	chr8:122625140-122699109	235.013096993292	59.0844009315741	11.6940207811403	24.5036177995625	82.5737841263922	-3.04648376381906	0.752002018388589	-4.05116434440847	5.09633950849444e-05	0.00583965777188837
ENSMUSG00000031486	Adgra2	chr8:27085582-27123436	856.23105004556	161.251177542421	98.5638894410399	75.9612151786436	298.001833051916	-2.54369469624144	0.6277485550846	-4.05209167848842	5.07617652338661e-05	0.00583965777188837
ENSMUSG00000035517	Tdrd7	chr4:45965333-46034761	251.464013782822	418.51450659865	64.3171142962718	116.392184547922	212.671954806416	-1.89631651512336	0.468236261733563	-4.04991383645208	5.12364946897783e-05	0.00583965777188837
ENSMUSG00000070504	Fcrl6	chr1:172596641-172602551	29.7683256191503	75.0864261838754	0	1.22518088997812	26.5199831732509	-6.67347386025981	1.64746260949995	-4.05075891967307	5.10517846753137e-05	0.00583965777188837
ENSMUSG00000031273	Col4a6	chrX:141165402-141474076	436.340983417545	407.436181423979	1567.83407187146	824.546738955277	809.039493917065	1.504234220799	0.371948277413681	4.04420268123998	5.25014867788766e-05	0.00591357873708072
ENSMUSG00000032327	Stra6	chr9:58079309-58153996	327.451581810653	275.727204347346	110.25791022218	91.8885667483592	201.331315782135	-1.57520260137544	0.389609260176658	-4.04303173046043	5.27644767975081e-05	0.00591357873708072
ENSMUSG00000026586	Prrx1	chr1:163245118-163313710	2162.12049233829	636.388235033829	353.326485030169	360.203181653568	878.009598513963	-1.97277784285795	0.48958216588614	-4.02951328769756	5.58924565815382e-05	0.00616942468265881
ENSMUSG00000026564	Dusp27	chr1:166098147-166127922	30.551702609128	20.9257253299325	163.716290935965	99.239652088228	78.6083427408133	2.34342428790793	0.583488898316863	4.01622772030075	5.91371158110268e-05	0.00646613878489836
ENSMUSG00000050917	Fgf4	chr7:144847366-144865243	41.5189804688149	577.303834102255	37.5879239393796	18.3777133496718	168.69711296503	-3.45510460829773	0.862074239284304	-4.00789682703681	6.12618706455659e-05	0.00664444272832433
ENSMUSG00000022212	Cpne6	chr14:55510444-55517431	10.967277859687	2.46185003881559	76.846422276065	68.6101298387749	39.7214200033356	3.36821358924002	0.841915723198457	4.00065409925366	6.31676360123198e-05	0.00679633229383751
ENSMUSG00000050315	Synpo2	chr3:123076518-123236147	979.22123747205	456.673182200291	2712.1775340259	1722.60433130924	1467.66907125187	1.62524828011014	0.409029990629323	3.97342081838443	7.08477173420558e-05	0.00744399180104147
ENSMUSG00000000544	Gpa33	chr1:166130237-166166510	43.0857344487702	16.0020252523013	306.550401905607	91.8885667483592	114.381682088759	2.73679626638142	0.690374036054296	3.96422246992814	7.36355577852978e-05	0.00767693501282535
ENSMUSG00000029541	Cyp2w1	chr5:139352616-139357033	48.5693733786137	12.3092501940779	172.904450121146	180.101590826784	103.471166130155	2.50573547609285	0.632670788116079	3.96056768094864	7.47717961177117e-05	0.0077354298922085
ENSMUSG00000049336	Tenm2	chr11:36006655-37235882	104.189139667026	114.476026804925	437.69049209411	253.612444225471	227.492025697883	1.66476394432155	0.422989115085768	3.93571343788361	8.29499047629067e-05	0.0083879193169649
ENSMUSG00000053219	Raet1e	chr10:22158568-22374139	214.645295253873	408.667106443387	81.0228582693294	98.0144711982498	200.58743279121	-1.79919226598403	0.456941125343222	-3.93747064161188	8.23450028112309e-05	0.0083879193169649
ENSMUSG00000009734	Pou6f2	chr13:18121097-18382041	163.725790905327	476.367982510816	45.1055087272556	88.2130240784249	193.353076555456	-2.268466705831	0.577204739476929	-3.93009022740651	8.49139914268575e-05	0.00852244978134184
ENSMUSG00000028435	Aqp3	chr4:41092721-41098183	12.5340318396422	2.46185003881559	167.892726929229	34.3050649193874	54.2984184317686	3.70226674280606	0.944519748495889	3.91973460449268	8.86465323076209e-05	0.00883116454077921
ENSMUSG00000031891	Hsd11b2	chr8:105518754-105523988	126.1236953864	83.7029013197299	19.2116055690163	20.8280751296281	62.4665693511936	-2.3963975793449	0.612649763266313	-3.91152943007538	9.17134776534785e-05	0.00906951883060023
ENSMUSG00000024109	Nrxn1	chr17:90033630-91093071	66.5870441480994	56.6225508927585	215.504097252443	189.903037946609	132.154182559978	1.71497277379902	0.439256849073309	3.90425960896697	9.45142837017641e-05	0.00927826716427026
ENSMUSG00000032024	Clmp	chr9:40686011-40785319	1066.17608335957	253.570553998005	143.669398168295	148.246887687353	402.915730803305	-2.17885740601882	0.560517790007682	-3.88722257323707	0.000101397772368635	0.00967162156443811
ENSMUSG00000038765	Lmx1b	chr2:33560964-33640511	1275.3377396836	434.516531850951	167.892726929229	279.341242915012	539.272060344697	-1.93892225856856	0.49957204895541	-3.88116641558067	0.000103956672596611	0.00984586823768884
ENSMUSG00000062980	Cped1	chr6:21985915-22256404	1084.19375412905	226.490203571034	147.84583416156	123.74326988779	395.568265437359	-2.27170509327404	0.588603205921909	-3.85948474357347	0.000113626350241614	0.0106864390517445
ENSMUSG00000032387	Rbpms2	chr9:65629647-65660528	221.695688163672	70.1627261062442	25.8939031582393	23.2784369095843	85.257688584435	-2.57253719585739	0.666978120875666	-3.85700387365023	0.000114785344011669	0.0107204728584232
ENSMUSG00000030862	Cpxm2	chr7:132032686-132154739	32.1184565890832	28.3112754463792	147.84583416156	109.041099208053	79.3291663512688	2.08601938117669	0.543515641313684	3.83801168285564	0.00012403458229241	0.0115044213603491
ENSMUSG00000000739	Sult5a1	chr8:123140191-123158270	232.662966023359	153.865627425974	747.582042794328	415.336321702584	387.361739486561	1.58679597770794	0.415509617988969	3.81891515625534	0.000134039850950886	0.0123472736673867
ENSMUSG00000007805	Twist2	chr1:91801460-91848028	193.494116524477	30.7731254851948	11.6940207811403	11.0266280098031	61.7469727001538	-3.3078028649132	0.867093743521762	-3.81481574469483	0.000136284582496443	0.0123844010134775
ENSMUSG00000038227	Hoxa9	chr6:52223099-52227370	269.481684552308	87.3956763779533	19.2116055690163	42.8813311492343	104.742574412128	-2.54273721138663	0.670213916133098	-3.79391885214401	0.0001482881542232	0.0132955159076521
ENSMUSG00000048582	Gja3	chr14:57034459-57058100	395.605379938708	100.935851591439	50.1172319191728	46.5568738191687	148.303834317122	-2.36390065122668	0.625779601693648	-3.77752909303671	0.000158392007200921	0.0139229680055241
ENSMUSG00000024521	Pmaip1	chr18:66458603-66465550	1730.47977086061	569.918283985808	359.173495420739	308.745584274487	742.07928363541	-1.78487966182747	0.47332961788782	-3.77090212480743	0.000162658464667574	0.0140945380791788
ENSMUSG00000015879	Fam184b	chr5:45529704-45639614	146.491497125819	118.168801863148	473.607841636183	291.593051814793	257.465298109986	1.53078769004617	0.407194019645566	3.75935700474829	0.000170350609251223	0.0144090902127025
ENSMUSG00000036596	Cpz	chr5:35502217-35525698	214.645295253873	600.691409471003	63.4818270976189	129.869174337681	252.171926540044	-2.08019457229768	0.553245702869361	-3.75998324344668	0.000169924738446185	0.0144090902127025
ENSMUSG00000022986	Krt75	chr15:101563344-101573904	101.839008697093	41.851450659865	532.077945541885	167.849781927003	210.904546706462	2.27648993820974	0.606396292338344	3.7541290521934	0.000173945233586234	0.0146211840406329
ENSMUSG00000000120	Ngfr	chr11:95568817-95587735	1939.64142718464	343.428080414774	299.868104316384	164.174239257068	686.777962793216	-2.29781815191875	0.616841245559996	-3.7251370080363	0.000195209169315716	0.0162059760378214
ENSMUSG00000024238	Zeb1	chr18:5591859-5775467	434.77422943759	94.7812264944	46.7760831245613	52.6827782690593	157.253579331403	-2.41820902990848	0.649761991902793	-3.72168433987173	0.000197898316484038	0.0163246902884803
ENSMUSG00000027962	Vcam1	chr3:116109948-116129688	1032.49087279053	113.245101785517	95.2227406464284	88.2130240784249	332.292934825225	-2.64434265742322	0.711783911632631	-3.71509191793594	0.000203129841428228	0.0164571881769171
ENSMUSG00000026674	Ddr2	chr1:169972306-170110729	1331.74088296199	241.261303803927	126.963654195238	196.0289423965	473.998695839413	-2.28754290070632	0.616090651790256	-3.71299725788584	0.000204819107128736	0.0164946836633196
ENSMUSG00000024008	Cpne5	chr17:29156549-29237797	98.7055007371826	114.476026804925	26.7291903568922	20.8280751296281	65.1846982571569	-2.15472392176666	0.582405169126795	-3.69969917162179	0.000215855181157552	0.0170766843022819
ENSMUSG00000040543	Pitpnm3	chr11:72047527-72135778	22.7179327093516	17.2329502717091	96.0580278450813	95.5641094182936	57.8932550611089	2.25099087504451	0.610455342275128	3.68739647138678	0.000226560221258337	0.017818762664932
ENSMUSG00000032017	Grik4	chr9:42518134-42944493	173.126314785058	475.137057491408	64.3171142962718	99.239652088228	202.955034665242	-1.98844268967023	0.539841596700087	-3.68338175832517	0.00023016006986364	0.0178926172230988
ENSMUSG00000051335	Gfod1	chr13:43195244-43304172	91.6551078273838	118.168801863148	418.478886525093	229.108826425909	214.352905660384	1.63260959008456	0.445344141469322	3.6659505269298	0.000246421565594288	0.0188302479299863
ENSMUSG00000041836	Ptpre	chr7:135537480-135686293	28.201571639195	44.3133006986805	137.822387777725	137.22025967755	86.8893799482877	1.93714449143645	0.530067896752712	3.6545214364117	0.000257662135917851	0.0195245151354996
ENSMUSG00000045312	Lhfpl2	chr13:94057795-94195409	218.562180203761	308.962179871356	99.3991766396928	80.8619387385561	176.946368863342	-1.54301463757409	0.422472982344155	-3.65233920761616	0.0002598623101535	0.0195245151354996
ENSMUSG00000018263	Tbx5	chr5:119832667-119885219	680.754604290569	146.480077309527	83.5287198652881	94.3389285283155	251.275582498425	-2.2214340673845	0.609264656455394	-3.64609048604337	0.000266260252051119	0.0196754622518434
ENSMUSG00000026072	Il1r1	chr1:40225079-40317257	34.4685875590162	33.2349755240104	132.810664585808	121.292908107834	80.4517839441672	1.90772443780712	0.522893026614758	3.64840290595927	0.000263875591004429	0.0196754622518434
ENSMUSG00000078252	Krtap17-1	chr11:99993233-99993994	160.592282945416	190.793378008208	50.9525191178257	58.8086827189499	115.2867156976	-1.68041544841714	0.461375362667916	-3.64218721758372	0.000270331347049911	0.0198671381774549
ENSMUSG00000012777	Acp4	chr7:44252147-44257378	113.589663546758	113.245101785517	13.3645951784461	33.0798840294093	68.3198111350325	-2.31288960940172	0.636034529251211	-3.636421456748	0.000276451884906352	0.0199892548392771
ENSMUSG00000052396	Mogat2	chr7:99219083-99238619	184.093592644745	22.1566503493403	10.8587335824875	8.57626622984686	56.421310701605	-3.40700708347716	0.936600386117996	-3.63763151710673	0.000275156699208782	0.0199892548392771
ENSMUSG00000074785	Plxnc1	chr10:94790865-94944835	86.1714688975404	348.351780492405	45.1055087272556	39.2057884792999	129.708636649125	-2.35877548093345	0.649728679934162	-3.63040074077147	0.000282981515912978	0.0202501946069707
ENSMUSG00000027579	Srms	chr2:181205561-181213185	250.680636792845	568.6873589664	143.669398168295	109.041099208053	268.019623283898	-1.69125415907562	0.469580153673966	-3.60163040504023	0.000316227729426618	0.0222667368222963
ENSMUSG00000036422	Pcdh8	chr14:79766774-79771312	25.8514406692621	17.2329502717091	251.421446794517	46.5568738191687	85.2656778886643	2.78513185125629	0.773036016448499	3.60284875736038	0.000314748680808417	0.0222667368222963
ENSMUSG00000021950	Anxa8	chr14:34085980-34100571	549.930646964303	185.869677930577	1984.64238399924	787.791312255933	877.058505287514	1.91125683634362	0.532027699480849	3.59240099379904	0.000327645153164283	0.0228316044813805
ENSMUSG00000029337	Fgf5	chr5:98254183-98277030	14.8841628095752	66.4699510480208	0	1.22518088997812	20.6448236868935	-6.29440419118214	1.75181693089137	-3.5930719016281	0.000326802362738137	0.0228316044813805
ENSMUSG00000039410	Prdm16	chr4:154316124-154636873	738.724501548914	169.867652678275	113.599059016792	96.7892903082717	279.745125888063	-2.11204541894789	0.589452096637808	-3.58306541107384	0.000339585527629221	0.0235416791808526
ENSMUSG00000038156	Spon1	chr7:113765997-114043370	87.7382228774956	252.339628978597	26.7291903568922	44.1065120392124	102.728388563049	-2.26783780061621	0.633288588533851	-3.58104952730408	0.000342216769076526	0.0236024273195395
ENSMUSG00000070803	Cited4	chr4:120666571-120667820	233.446343013337	406.205256404572	118.610782208709	99.239652088228	214.375508428711	-1.54833896275658	0.432738006618636	-3.57800548848278	0.000346226183055141	0.0237571221219826
ENSMUSG00000052336	Cx3cr1	chr9:119901615-120069879	89.3049768574509	12.3092501940779	2.50586159595864	2.45036177995625	26.6426126068609	-4.36545122466136	1.22168048427698	-3.57331665754236	0.000352488072405081	0.0240640207399794
ENSMUSG00000007655	Cav1	chr6:17306334-17341452	101.055631707116	41.851450659865	360.844069818044	188.677857056631	173.107252310414	1.93292847794753	0.545009628256396	3.5465951016891	0.000390243862063155	0.0263738175923988
ENSMUSG00000043496	Tril	chr6:53815467-53820830	2454.32010959995	1043.82441645781	737.558596410494	490.072355991249	1181.44386961487	-1.51051880721912	0.426553996021575	-3.54121358915301	0.000398291014909817	0.0267830792976107
ENSMUSG00000021567	Nkd2	chr13:73818533-73847631	1670.15974263233	354.506405589444	268.127190767575	241.36063532569	633.538493578759	-1.99155551052044	0.563653664710526	-3.53329648187995	0.000410411939874703	0.0274608466635566
ENSMUSG00000018634	Crhr1	chr11:104132854-104175523	358.786661409759	691.779860907179	144.504685366948	220.532560196062	353.900941969987	-1.52633836764359	0.43336417156504	-3.52206866140181	0.000428193225699041	0.0284644727082762
ENSMUSG00000042306	S100a14	chr3:90526855-90528837	9.40052387973168	19.6948003105247	173.739737319799	39.2057884792999	60.5102124973389	2.89977729845244	0.823526258453602	3.52117163075962	0.000429644431539897	0.0284644727082762
ENSMUSG00000031523	Dlc1	chr8:36567750-36953143	792.777513857371	308.962179871356	141.163536572337	202.15484684639	361.264519286864	-1.68712413783569	0.479514868976879	-3.51839796216422	0.000434160744377175	0.0286226855447482
ENSMUSG00000046814	Gchfr	chr2:119167772-119172390	86.1714688975404	24.6185003881559	6.68229758922305	2.45036177995625	29.9806571637189	-3.56358925130987	1.02398967666053	-3.48010271249176	0.000501221585932866	0.0322321856084935
ENSMUSG00000034324	Tmem132c	chr5:127241807-127565793	1403.02818904995	324.964205123657	218.009958848402	242.585816215668	547.14704230942	-1.90956948870593	0.552058050362308	-3.45900125440197	0.000542182379554145	0.0341125536962407
ENSMUSG00000026983	Il1f5	chr2:24276953-24283426	22.7179327093516	6.15462509703896	120.281356606015	66.1597680588186	53.828420617806	2.65496039642425	0.768496723121274	3.45474524034538	0.00055081302178946	0.0342035744554611
ENSMUSG00000048388	Fam171b	chr2:83812635-83883486	337.635482680363	168.636727658868	57.6348167070488	95.5641094182936	164.867784116143	-1.73514945186467	0.508576860505171	-3.41177427958705	0.000645415334449227	0.0394324978090633
ENSMUSG00000048960	Prex2	chr1:10993464-11303681	238.146604953202	77.5482762226909	38.4232111380325	31.8547031394312	96.4931988633393	-2.16941735689131	0.63606291453135	-3.41069618638234	0.000647972489835898	0.0394324978090633
ENSMUSG00000005503	Evx1	chr6:52313497-52318378	447.308261277232	60.3153259509818	43.4349343299498	45.3316929291906	149.097553621839	-2.51996383579776	0.740773217717704	-3.40180202999466	0.000669431118961368	0.0405548608959975
ENSMUSG00000022129	Dct	chr14:118012789-118052185	68.9371751180323	17.2329502717091	239.727426013377	153.147611247265	119.761290662596	2.16908454411429	0.639399319825164	3.39237856040791	0.000692886384916432	0.0417875739495116
ENSMUSG00000001657	Hoxc8	chr15:102990606-102993821	317.267680940944	709.012811178889	91.046304653164	214.406655746172	332.933363129792	-1.75220816658533	0.517149732264388	-3.38820279170044	0.000703522279686205	0.0422396033013382
ENSMUSG00000034009	Rxfp1	chr3:79641610-79737794	0	4.92370007763117	19.2116055690163	75.9612151786436	25.0241302063228	4.41365691690276	1.30631333315371	3.37871229274471	0.000728261796929108	0.043338021711945
ENSMUSG00000033871	Ppargc1b	chr18:61298135-61400431	50.1361273585689	56.6225508927585	185.43375810094	138.445440567528	107.659469229949	1.60666334276801	0.479733085515804	3.34907762519765	0.000810810758230891	0.0474112777715098
ENSMUSG00000021613	Hapln1	chr13:89539795-89611652	1228.33512028494	2769.58129366753	454.396236067167	942.164104393177	1348.6191886032	-1.51814785917685	0.455331557602735	-3.33415910632181	0.000855577024402076	0.049384787129543
