gene_id	gene_short_name	locus	MES115_R1	MES115_R2	MES125_R1	MES125_R2	baseMean	log2FoldChange	lfcSE	stat	pvalue	padj
ENSMUSG00000041324	Inhba	chr13:16011850-16031621	58.045380512587	33.3213204479759	563.819992552516	529.995505167266	296.295549670086	3.56083587431827	0.407380152604371	8.74081825428641	2.31428064567064e-18	3.26614427523497e-14
ENSMUSG00000032332	Col12a1	chr9:79598990-79718720	116.919980746782	34.602909695975	2803.96920025058	731.624229959161	921.779080163124	4.53064076413947	0.56767261758102	7.9810803336711	1.45058015169814e-15	1.02360188404579e-11
ENSMUSG00000028364	Tnc	chr4:63959784-64047015	155.064087940768	98.6823720959286	4677.79468397384	796.145421892567	1431.92164147578	4.42793509058512	0.563956339537282	7.85155654818629	4.1090515989504e-15	1.9330348405329e-11
ENSMUSG00000074971	Fibin	chr2:110360916-110363183	24.0473719266432	16.6606602239879	507.278722112927	168.215964683524	179.050679736771	4.03952277281442	0.568022503096567	7.11155412117129	1.14743448016153e-12	4.04843570462991e-09
ENSMUSG00000016995	Matn4	chr2:164389392-164405160	1.65843944321677	1.28158924799907	269.168301529308	104.846936891785	94.2388167780774	6.96272149036514	1.01236246406203	6.87769621804006	6.08282083434641e-12	1.43078084058551e-08
ENSMUSG00000028626	Col9a2	chr4:121039384-121055322	81.2635327176218	28.1949634559796	616.379483383683	449.344015250508	293.795498701948	3.2599482867089	0.473924683321472	6.87862101602675	6.04346994895954e-12	1.43078084058551e-08
ENSMUSG00000027004	Frzb	chr2:80411969-80447625	1253.78021907188	2642.63702937409	86.8027954635935	301.867005117008	1071.27176225664	-3.33099949309601	0.501459587327611	-6.64260805311878	3.08180577228599e-11	6.21336069489603e-08
ENSMUSG00000053007	Creb5	chr6:53287269-53700376	304.323637830278	98.6823720959286	1185.77396738799	1765.11546503533	838.473860587381	2.86396810992649	0.457707760801659	6.25719805342682	3.91955529071117e-10	6.91458547722584e-07
ENSMUSG00000022894	Adamts5	chr16:85856172-85901828	197.354293742796	80.7401226239416	814.672107883084	887.166389084337	494.98322833354	2.60228144632575	0.421013720460043	6.18098964442827	6.37009955873264e-10	9.98902389693264e-07
ENSMUSG00000002633	Shh	chr5:28456814-28467256	34.8272283075522	303.73665177578	0.796355921684344	3.45649242500391	85.7041821075052	-6.41814377645584	1.04931671049087	-6.11649820524961	9.5653963715561e-10	1.34996438991771e-06
ENSMUSG00000029449	Rhof	chr5:123103043-123132692	205.64649095888	253.754671103816	18.3161861987399	40.3257449583789	129.510773304954	-2.99253573845913	0.509731587755331	-5.87080693122659	4.33679080988018e-09	5.56410260907627e-06
ENSMUSG00000048387	Osr1	chr12:9570115-9581500	5.8045380512587	3.84476774399722	246.870335722147	46.0865656667188	75.6515517960304	4.89930037988793	0.841802167603481	5.82001397529744	5.88427071925833e-09	6.38805482006868e-06
ENSMUSG00000052217	Hbb-bh1	chr7:103841636-103843164	5490.26377676912	6782.17030041109	1005.79752908733	1909.13598274383	3796.84189725284	-2.07468653444025	0.356014221227539	-5.82753836991884	5.62509195389007e-09	6.38805482006868e-06
ENSMUSG00000001911	Nfix	chr8:84704711-84800344	391.391708599158	146.101174271894	3108.97351825568	1021.96959365949	1167.10899869656	2.93829583832306	0.50910930941656	5.77144393939751	7.8595107632053e-09	7.38875828791718e-06
ENSMUSG00000008575	Nfib	chr4:82290172-82705750	370.661215558949	437.021933567684	1443.79328601372	1330.74958362651	895.556504691714	1.78196228219749	0.310403844025719	5.74078677340684	9.42376880766026e-09	7.38875828791718e-06
ENSMUSG00000024827	Gldc	chr19:30098448-30175418	674.155633667618	877.888634879365	173.605590927187	215.45469449191	485.27613849152	-1.99749733903444	0.347466048316862	-5.74875545023863	8.99027389868351e-09	7.38875828791718e-06
ENSMUSG00000040569	Slc26a7	chr4:14502429-14621805	4.97531832965032	3.84476774399722	175.198302770556	57.6082070833985	60.4066489819004	4.70621661033591	0.814673381942456	5.77681401485673	7.61283554098475e-09	7.38875828791718e-06
ENSMUSG00000071553	Cpa2	chr6:30541581-30564476	962.724096787336	2888.70216498991	225.368725836669	380.21416675043	1114.25228859109	-2.67023752016416	0.463933342328678	-5.75564909122744	8.63095081819266e-09	7.38875828791718e-06
ENSMUSG00000036111	Lmo1	chr7:109138571-109175207	659.229678678667	590.812643327572	149.714913276657	172.824621250195	393.145464133273	-1.95688281236559	0.344197053331831	-5.68535608722662	1.30540373067918e-08	9.69640150056591e-06
ENSMUSG00000006586	Runx1t1	chr4:13743435-13893649	117.749200468391	114.061443071917	484.184400384081	465.47431323386	295.367339289562	2.03396266657897	0.359575175974425	5.65657142784416	1.54426728029111e-08	1.08971220633742e-05
ENSMUSG00000074934	Grem1	chr2:113746163-113758646	261.204212306642	1195.72276838313	39.8177960842172	105.999101033453	400.685969451862	-3.328132717915	0.593688877729367	-5.60585323855794	2.07231508143176e-08	1.39269441639269e-05
ENSMUSG00000032394	Igdcc3	chr9:65141188-65185872	136.821254065384	511.35410995163	33.4469487107425	36.869252533375	179.622891315283	-3.20252763159565	0.57230766360668	-5.59581469067413	2.19588150138494e-08	1.40865798313844e-05
ENSMUSG00000025407	Gli1	chr10:127329881-127341974	1075.49797892608	1475.10922444693	390.214401625329	320.301631383696	815.280809095508	-1.84181542699199	0.332213640376665	-5.54406924683685	2.95521874767048e-08	1.81334792112493e-05
ENSMUSG00000028197	Col24a1	chr3:145292471-145552011	117.749200468391	93.5560151039323	1541.74506438089	283.432378850321	509.120664700884	3.10970386478675	0.565799379880613	5.49612455468389	3.88228350291833e-08	2.2829444615286e-05
ENSMUSG00000027356	Fermt1	chr2:132904388-132945906	84.5804116040554	69.2058193919499	2.38906776505303	1.15216414166797	39.3318657256816	-5.37762718671737	0.98625123126461	-5.45259363562159	4.96404183851522e-08	2.69452009488328e-05
ENSMUSG00000027570	Col9a3	chr2:180597789-180622189	367.344336672515	114.061443071917	1607.84260588069	1161.38145480131	812.657460106609	2.51765418744757	0.46147139479909	5.45571018230432	4.8777495653993e-08	2.69452009488328e-05
ENSMUSG00000025064	Col17a1	chr19:47646343-47692094	257.887333420208	111.498264575919	24.6870335722147	18.4346262666875	103.126814458757	-3.09403781572727	0.571689042886179	-5.41209920712662	6.22901605291607e-08	3.25592976128905e-05
ENSMUSG00000019647	Sema6a	chr18:47235597-47368868	1433.7208986609	1153.43032319917	4283.59850274009	3647.75167252079	2629.62534928024	1.61569497321841	0.299775388683129	5.38968519168946	7.0581213422133e-08	3.55754523223772e-05
ENSMUSG00000070720	Tmem200b	chr4:131921770-131923140	21.559712761818	19.2238387199861	575.765331377781	57.6082070833985	168.539272485746	3.95658718475895	0.736248803605683	5.37398113977513	7.70169171056473e-08	3.74806810728276e-05
ENSMUSG00000023800	Tiam2	chr17:3326572-3519397	218.914006504614	219.151761407841	1076.67320611723	631.385949634048	536.531230915934	1.96437861899634	0.36940141910068	5.31773436003221	1.05067309243167e-07	4.94271645116274e-05
ENSMUSG00000050199	Lgr4	chr2:109917646-110014257	431.194255236361	539.54907340761	1587.93370783858	1425.22704324328	995.976019931458	1.63588917283058	0.312718051134101	5.23119521529979	1.68417536658959e-07	7.4607645052947e-05
ENSMUSG00000051243	Islr2	chr9:58196296-58204319	10.779856380909	2.56317849599814	159.271184336869	66.8255202167423	59.8599348576296	4.00875868531164	0.766438072042083	5.23037520126158	1.69166346042252e-07	7.4607645052947e-05
ENSMUSG00000021193	Pitrm1	chr13:6548148-6580515	7512.73067777198	8816.05243698562	2307.04310511955	3159.23407645357	5448.76507408268	-1.57904160957538	0.304790479240373	-5.1807445347729	2.21001994055594e-07	8.66389206140721e-05
ENSMUSG00000022483	Col2a1	chr15:97975601-98004695	2248.01466528033	859.946385407378	10045.2335961263	5162.84751881417	4579.01054140705	2.28991869108599	0.44192650923988	5.18167306827708	2.19904412694181e-07	8.66389206140721e-05
ENSMUSG00000022510	Trp63	chr16:25683762-25892102	181.599119032237	121.750978559912	24.6870335722147	16.1302979833516	86.0418572869287	-2.88160728444325	0.554601373950649	-5.19581706752077	2.03822615248585e-07	8.66389206140721e-05
ENSMUSG00000038560	Sp6	chr11:97013393-97024734	174.965361259369	70.487408639949	7.1672032951591	13.8259697000156	66.6114857236233	-3.58281704719697	0.690303279089072	-5.1902071969365	2.10060202213354e-07	8.66389206140721e-05
ENSMUSG00000024565	Sall3	chr18:80966375-80986578	560.552531807269	843.28572518339	191.125421204243	197.020068225223	447.995936605031	-1.85346664945259	0.359456376541835	-5.15630482698331	2.51870750102472e-07	9.60716728701672e-05
ENSMUSG00000051323	Pcdh19	chrX:133582859-133688987	139.308913230209	152.50912051189	933.329140214052	409.018270292129	408.54136106207	2.20448252909001	0.428015751123294	5.15047056867538	2.59833705540143e-07	9.65008706917906e-05
ENSMUSG00000028332	Hemgn	chr4:46393988-46413506	115.261541303566	308.863008767776	4.77813553010607	31.1084318250352	115.002779356621	-3.60130980364505	0.702898548856628	-5.12351293014211	2.99895070235905e-07	0.000107705333592606
ENSMUSG00000049100	Pcdh10	chr3:45378397-45435623	94.531048263356	98.6823720959286	510.464145799665	309.932154108684	253.402430066908	2.08900302118486	0.407995114024513	5.12016676027976	3.05265595104106e-07	0.000107705333592606
ENSMUSG00000040998	Npnt	chr3:132881744-132950291	252.082795368949	184.548851711866	1110.12015482798	612.95132336736	539.925781319038	1.97861704500248	0.389235306113938	5.0833442237208	3.70846737678695e-07	0.000127652683142913
ENSMUSG00000045608	Dbx2	chr15:95623562-95655960	78.7758735527967	24.3501957119824	818.653887491506	157.846487408512	269.906611041199	3.22935246831666	0.64493950177841	5.00721766834218	5.52224662985308e-07	0.000185560634969325
ENSMUSG00000024998	Plce1	chr19:38481120-38785030	169.990042929719	98.6823720959286	613.194059696945	459.71349252552	335.394991812028	1.99049735167169	0.399077311995911	4.98774871895521	6.10869499593233e-07	0.000200493052273472
ENSMUSG00000048616	Nog	chr11:89300637-89302332	17.4136141537761	6.40794623999536	181.569150144031	77.194997491754	70.646427007389	3.40009131254814	0.685511080742435	4.95993632789379	7.05162890152946e-07	0.000223590454407161
ENSMUSG00000049336	Tenm2	chr11:36006655-37235882	33.9980085859438	25.6317849599815	436.403045083021	91.0209671917696	146.763451455179	3.14114069099035	0.633574478947213	4.95780811154178	7.12929245966289e-07	0.000223590454407161
ENSMUSG00000040728	Esrp1	chr4:11331932-11386783	84.5804116040554	65.3610516479527	4.77813553010607	5.76082070833985	40.1201048726135	-3.84535653340898	0.780467028034328	-4.92699421664723	8.3504225461144e-07	0.000256194594333288
ENSMUSG00000038259	Gdf5	chr2:155941022-155945367	258.716553141816	132.003692543904	1591.915487447	508.104386475575	622.685029902075	2.42279409069952	0.495183963731196	4.89271516881088	9.94542899014428e-07	0.000292416331953971
ENSMUSG00000059921	Unc5c	chr3:141465215-141834924	1553.12853857251	1084.22450380722	6165.38754568019	3138.49512190355	2985.30892749087	1.81835879584958	0.373650016050524	4.86647589385812	1.13605773063955e-06	0.000327207811275835
ENSMUSG00000023906	Cldn6	chr17:23679364-23682446	94.531048263356	42.2924451839694	3.98177960842172	1.15216414166797	35.4893592993538	-4.66071133871272	0.959264757052116	-4.85862876171475	1.18201526787735e-06	0.000333635629511061
ENSMUSG00000030074	Gxylt2	chr6:100704733-100810913	67.1667974502793	71.7689978879481	597.266941263258	186.650590950211	230.713331887924	2.50022293107143	0.518097759785927	4.82577444863784	1.3946026983552e-06	0.000385922115331117
ENSMUSG00000022454	Nell2	chr15:95075229-95528559	116.919980746782	55.1083376639601	991.463122497009	213.150366208574	344.160451779081	2.80156722256949	0.58264400955516	4.80836870649103	1.52166916950469e-06	0.000412986865177302
ENSMUSG00000031517	Gpm6a	chr8:54954842-55060871	19.0720535969929	21.7870172159842	209.441607402983	88.7166389084337	84.7543292810983	2.87739402629633	0.600271693386154	4.793486113038	1.63907810176847e-06	0.000436458665099215
ENSMUSG00000027827	Kcnab1	chr3:65109383-65378219	61.3622593990206	35.884498943974	316.949656830369	182.041934383539	149.059587389226	2.34796963686751	0.490565262353768	4.78625336331761	1.69923524930503e-06	0.000444098279137814
ENSMUSG00000032033	Barx2	chr9:31846043-31913462	0	0	111.489829035808	10.3694772750117	30.464826577705	8.33493572606685	1.75633233335023	4.74564839910898	2.07839468915471e-06	0.000523792575857864
ENSMUSG00000054196	Cthrc1	chr15:39076931-39087121	27.3642508130767	19.2238387199861	194.31084489098	107.151265175121	87.012549899791	2.68364325070139	0.565273332243342	4.74751433974621	2.05931794004322e-06	0.000523792575857864
ENSMUSG00000049630	C1ql3	chr2:13003456-13011806	10.779856380909	5.12635699199629	101.933557975596	72.5863409250821	47.6065280683959	3.4135132492496	0.722749540695683	4.72295457422763	2.32442782674585e-06	0.000575520174015161
ENSMUSG00000028519	Dab1	chr4:103619664-104744844	33.9980085859438	23.0686064639833	228.554149523407	115.216414166797	100.209294685033	2.58112915248541	0.551578539720828	4.67953150206279	2.87531180301847e-06	0.000699642680620683
ENSMUSG00000002980	Bcam	chr7:19756130-19771016	463.533824379088	196.083154943858	82.8210158551718	40.3257449583789	195.690935034124	-2.41396971151476	0.517439781732214	-4.66521863362265	3.08289073086308e-06	0.000732017151423238
ENSMUSG00000043456	Zfp536	chr7:37472134-37773641	67.1667974502793	21.7870172159842	243.684912035409	251.171782883617	145.952627396323	2.45016146735887	0.525415966862692	4.66327942408948	3.11209729224079e-06	0.000732017151423238
ENSMUSG00000047281	Sfn	chr4:133600555-133602168	113.603101860349	47.4188021759657	7.96355921684344	3.45649242500391	43.1104889195405	-3.78142537930537	0.811974092530637	-4.65707639454357	3.20731454534983e-06	0.000742046396369216
ENSMUSG00000027009	Itga4	chr2:79255499-79333123	223.889324834264	303.73665177578	58.1339822829571	73.7385050667501	164.874615989938	-2.00301993644893	0.431277722383308	-4.64438535192575	3.41090395210501e-06	0.000776420765742872
ENSMUSG00000000567	Sox9	chr11:112782223-112787760	2296.10940913362	1031.67934463925	6906.79490876832	4775.72036721374	3752.57600743873	1.81081767726032	0.391594039562303	4.62422175599079	3.7600743822488e-06	0.000830054710682348
ENSMUSG00000056222	Spock1	chr13:57421194-57908332	64.6791382854541	16.6606602239879	437.199401004705	155.542159125176	168.520339659831	2.84382893033661	0.615015310568238	4.62399696636671	3.76415372236025e-06	0.000830054710682348
ENSMUSG00000032502	Stac	chr9:111561436-111690348	20.7304930402097	12.8158924799907	179.180082378977	78.347161633422	72.76840738315	2.92487327179309	0.635614581262651	4.60164596284562	4.19165254844575e-06	0.000910104498710997
ENSMUSG00000027832	Ptx3	chr3:66219909-66225805	24.0473719266432	14.0974817279898	301.022538396682	58.7603712250665	99.4819408190954	3.22529653816621	0.701577173009922	4.59720849287181	4.28189091781109e-06	0.000915611007925272
ENSMUSG00000005583	Mef2c	chr13:83504033-83667080	390.56248887755	352.437043199745	1507.50175974846	844.536315842622	773.759401917095	1.66276208857928	0.364482180678624	4.56198458175213	5.06723690991352e-06	0.00103643354361753
ENSMUSG00000092009	Myh15	chr16:49057485-49199104	23.2181522050348	8.97112473599351	213.423387011404	71.4341767834141	79.2617101839617	3.11593259728285	0.682966184897706	4.56235267013923	5.05835873645631e-06	0.00103643354361753
ENSMUSG00000032246	Calml4	chr9:62858079-62875921	72.971335501538	102.527139839926	8.75991513852779	12.6738055583477	49.2330490095848	-3.04708748239548	0.677343612835585	-4.49858450667212	6.84074041267979e-06	0.00137919099205928
ENSMUSG00000032625	Thsd7a	chr6:12311609-12749410	104.481684922657	57.6715161599583	477.017197088922	237.345813183602	219.129052838785	2.13151835448967	0.47556484735944	4.48207718952497	7.39199952125654e-06	0.0014489345728263
ENSMUSG00000037138	Aff3	chr1:38177325-38664955	453.583187719787	495.975038975641	1881.78904294011	1032.3390709345	965.921585142509	1.61904374223771	0.361888918422408	4.47386935553496	7.68166867794691e-06	0.00148508753495705
ENSMUSG00000029754	Dlx6	chr6:6863333-6868568	184.91599791867	107.653496831922	461.88643457692	527.69117688393	320.536776552861	1.74991052251022	0.3921466031826	4.46238857689503	8.10510762416601e-06	0.00152516511866473
ENSMUSG00000047759	Hs3st3a1	chr11:64435331-64522841	10.779856380909	33.3213204479759	373.490927269958	56.4560429417305	118.512036760143	3.31564131498832	0.746644349137775	4.4407237780842	8.96568172476571e-06	0.00164328137898206
ENSMUSG00000025219	Fgf8	chr19:45736797-45742915	66.3375777286709	39.7292666879712	3.18542368673738	1.15216414166797	27.6011080612619	-4.54474457588602	1.02472299503732	-4.43509572625574	9.20313853201863e-06	0.00166517812951768
ENSMUSG00000047786	Lix1	chr17:17402671-17459387	752.931507220415	1748.08773427073	231.739573210144	421.692075850477	788.612722637943	-1.93771999476253	0.438153527631147	-4.42246809066837	9.75797642741455e-06	0.00174321925721648
ENSMUSG00000031654	Cbln1	chr8:87468404-87472609	1056.42592532908	1245.7047490551	238.110420583619	479.300282933876	754.885344475419	-1.68514364766959	0.383039768584156	-4.3993960572252	1.08552555295259e-05	0.00189136075664443
ENSMUSG00000066026	Dhrs3	chr4:144892826-144928209	178.282240145803	174.296137727874	944.478123117632	384.822823317102	420.469831077103	1.91624787767828	0.436322312574734	4.39181729297894	1.12407142817691e-05	0.00193463659339765
ENSMUSG00000035305	Ror1	chr4:100095790-100444765	19.9012733186013	12.8158924799907	144.936777746551	79.4993257750899	64.2883173300581	2.76285917937612	0.62951436414676	4.38887392684181	1.1393909399155e-05	0.00193737642590693
ENSMUSG00000022382	Wnt7b	chr15:85535436-85582473	139.308913230209	76.8953548799443	19.9088980421086	6.91298485000782	60.7565377505674	-2.98010998690109	0.680038687609283	-4.38226536401604	1.17451628456821e-05	0.0019733271814418
ENSMUSG00000020218	Wif1	chr10:121033959-121100650	1310.99637986286	589.531054079573	6412.25788140234	1981.72232366891	2573.62690975342	2.14210981329019	0.489293324881908	4.37796655780497	1.19791725652589e-05	0.00198896544015881
ENSMUSG00000052516	Robo2	chr16:73891838-74411534	2250.50232444516	1030.39775539125	5050.48925532211	5152.47804153916	3370.96684417442	1.63572377868694	0.374228045881482	4.37092782512877	1.23719686716504e-05	0.00203029760305816
ENSMUSG00000027500	Stmn2	chr3:8509359-8561606	436.998793287619	219.151761407841	59.7266941263258	99.0861161834454	203.740841251308	-2.05715021318751	0.471763605813636	-4.36055301391809	1.29734144352976e-05	0.00210452641293511
ENSMUSG00000032841	Prr5l	chr2:101714284-101883014	1383.9677153644	891.986116607354	3875.8642708377	2607.34745259462	2189.79138885102	1.50944113582664	0.346703442177387	4.3536952686335	1.33861750365576e-05	0.00214680782148793
ENSMUSG00000019851	Perp	chr10:18845019-18857073	128.5290568493	67.9242301439509	15.1307625120025	1.15216414166797	53.1840534117303	-3.52825079867751	0.811605666042304	-4.34724761827082	1.37856556138593e-05	0.00216372081696649
ENSMUSG00000068859	Sp9	chr2:73271924-73277471	203.158831794055	79.4585333759425	718.313041359279	434.365881408825	358.824071984525	2.01976559096023	0.464629336236744	4.34704706189944	1.37982621361145e-05	0.00216372081696649
ENSMUSG00000036412	Arsi	chr18:60911779-60918561	15.7551747105593	3.84476774399722	327.302283812266	16.1302979833516	90.7581310625434	4.09405337127884	0.943317494815119	4.34005877531322	1.42444611110102e-05	0.00220914373252403
ENSMUSG00000025592	Dach2	chrX:113297509-113836386	67.9960171718877	66.6426408959518	285.095419962995	206.237381358567	156.49286484735	1.86908796757692	0.43273321839646	4.31926158685721	1.5655213086395e-05	0.00239683303891211
ENSMUSG00000042607	Asb4	chr6:5383385-5433022	6273.87641368905	9338.94085016924	1894.53073768706	3418.47100832887	5231.45475246855	-1.55544090634726	0.361296486829874	-4.30516476923199	1.66861494024574e-05	0.00250523006932853
ENSMUSG00000033308	Dpyd	chr3:118562128-119432924	66.3375777286709	57.6715161599583	231.739573210144	216.606858633578	143.088881433088	1.85081565839665	0.4318649079584	4.2856356797921	1.822173957991e-05	0.00267878552803406
ENSMUSG00000039579	Grin3a	chr4:49661610-49845549	24.0473719266432	16.6606602239879	254.037539017306	57.6082070833985	88.0884445628339	2.9300436549601	0.685959811296015	4.27145090238484	1.94205287672973e-05	0.00279675431115169
ENSMUSG00000040570	Rundc3b	chr5:8490333-8622952	160.039406270419	148.664352767892	528.780331998405	391.73580816711	307.304974800956	1.57638701399988	0.368892262397559	4.2732992114131	1.92601724166735e-05	0.00279675431115169
ENSMUSG00000024868	Dkk1	chr19:30545862-30549665	118.578420189999	181.985673215868	723.091176889385	353.714391492067	344.34241544683	1.84780878675561	0.434186397881747	4.25579611837326	2.08306464618016e-05	0.00290753885142947
ENSMUSG00000031925	Maml2	chr9:13297956-13709388	237.156840379998	174.296137727874	531.965755685142	655.581396609075	399.750032600522	1.52462966551116	0.3583238494764	4.25489307434886	2.09148938018389e-05	0.00290753885142947
ENSMUSG00000036169	Sostdc1	chr12:36314138-36318452	11.6090761025174	11.5343032319917	290.669911414786	18.4346262666875	83.0619792539956	3.7436127947275	0.880055657931799	4.25383640339895	2.10138852721467e-05	0.00290753885142947
ENSMUSG00000045871	Slitrk6	chr14:110748579-110755149	8.29219721608386	14.0974817279898	151.307625120025	46.0865656667188	54.9459674327045	3.17098083726935	0.749139931585559	4.23282847913067	2.30770503052089e-05	0.0031620039898778
ENSMUSG00000051910	Sox6	chr7:115470871-116038744	366.515116950907	248.62831411182	716.72032951591	1095.70809872624	606.892964826219	1.55495398513503	0.368545768003849	4.2191611466796	2.45212965444217e-05	0.00332758709741754
ENSMUSG00000004655	Aqp1	chr6:55336431-55348555	34.8272283075522	14.0974817279898	305.800673926788	64.5211919334063	104.811643973934	2.90236516656627	0.695720647286853	4.17173930065869	3.0228337070848e-05	0.00406297639124646
ENSMUSG00000034435	Tmem30b	chr12:73543401-73546392	362.369018342865	388.321542143719	14.3344065903182	109.455593458457	218.62014013384	-2.61669144931261	0.627954262340418	-4.16700961557307	3.08621484572331e-05	0.00410903302997104
ENSMUSG00000032013	Trim29	chr9:43310847-43336115	87.8972904904889	38.4476774399722	7.1672032951591	2.30432828333594	33.954124877239	-3.68866265430324	0.886340098428142	-4.1616786387582	3.15916722919505e-05	0.00412827102829905
ENSMUSG00000062393	Dgkk	chrX:6779305-6948363	436.998793287619	711.282032639485	116.267964565914	222.367679341918	371.729117458734	-1.76546150385567	0.424127420730613	-4.16257336253911	3.1468099165959e-05	0.00412827102829905
ENSMUSG00000025089	Gfra1	chr19:58235603-58455909	14.0967352673426	11.5343032319917	97.15542244549	74.890669208418	49.4192825383106	2.73875604909498	0.659617226767548	4.15203839128982	3.29526963306001e-05	0.00426661837902531
ENSMUSG00000022523	Fgf12	chr16:28160097-28753068	28.1934705346851	2.56317849599814	146.529489589919	115.216414166797	73.1256381968499	3.03208081665632	0.730889911031461	4.1484781372578	3.34692802971833e-05	0.00429410866212861
ENSMUSG00000070576	Mn1	chr5:111417441-111457033	138.4796935086	188.393619455864	478.609908932291	452.800507675512	314.570932393067	1.51554246614258	0.365639599523134	4.14490790417434	3.39950310180611e-05	0.00432226912394502
ENSMUSG00000044243	Bhlha9	chr11:76672469-76673676	53.8992819045451	38.4476774399722	3.18542368673738	1.15216414166797	24.1711367932307	-4.34563979922692	1.05030632412753	-4.13749750848808	3.51114260659114e-05	0.00442435317918043
ENSMUSG00000010461	Eya4	chr10:23102962-23350786	30.6811296995103	38.4476774399722	136.973218529707	155.542159125176	90.4110461985914	2.08802850072964	0.507324316722064	4.11576664454182	3.85894583412242e-05	0.00481958429707696
ENSMUSG00000024544	Ldlrad4	chr18:67933256-68255549	61.3622593990206	42.2924451839694	283.502708119627	147.4770101335	133.658605709029	2.05021353461659	0.50029649826072	4.09799697128433	4.16740732655886e-05	0.00515917715787064
ENSMUSG00000048332	Lhfp	chr3:53041527-53261679	281.934705346851	249.909903359819	1029.68820673786	544.97363900895	526.626613613369	1.56638150088261	0.385699475279079	4.06114501387182	4.88326263149526e-05	0.00594116254468039
ENSMUSG00000068748	Ptprz1	chr6:22875501-23052916	92.8726088201392	107.653496831922	353.582029227849	264.997752583633	204.776471865886	1.62972529881007	0.402236787211324	4.05165651334088	5.08562886706427e-05	0.00613448548725454
ENSMUSG00000045636	Mtus1	chr8:40990913-41133726	251.253575647341	494.693449727642	108.304405349071	116.368578308465	242.65500225813	-1.7288355112738	0.432505830720644	-3.99725365180211	6.4081623978474e-05	0.00759986520343028
ENSMUSG00000000303	Cdh1	chr8:106603350-106670246	121.895299076433	82.0217118719406	23.094321728846	5.76082070833985	58.1930383463898	-2.78496594081573	0.698223036074111	-3.98864803498137	6.64509296039017e-05	0.00781277297306703
ENSMUSG00000050931	Sgms2	chr3:131318984-131490479	227.206203720698	187.112030207865	798.744989449397	434.365881408825	411.857276196696	1.57318574405122	0.394603378765842	3.98675183413658	6.6984023931206e-05	0.00781277297306703
ENSMUSG00000020122	Egfr	chr11:16752202-16918158	52.2408424613283	71.7689978879481	8.75991513852779	4.60865656667188	34.344603013619	-3.17891855619456	0.798193313234716	-3.98264242945339	6.81532557298926e-05	0.00788399096816372
ENSMUSG00000045545	Krt14	chr11:100203161-100207548	273.642508130767	120.469389311913	47.7813553010607	4.60865656667188	111.625477327603	-2.8848379975117	0.72657309372219	-3.97047182511652	7.17304387240957e-05	0.00823033887571677
ENSMUSG00000024176	Sox8	chr17:25565891-25570686	30.6811296995103	28.1949634559796	191.921777125927	89.8688030501017	85.1666683328796	2.26075560449919	0.571027932935764	3.95909810029119	7.52333317951798e-05	0.00856264525504333
ENSMUSG00000004661	Arid3b	chr9:57790352-57836793	724.738036685729	1195.72276838313	184.754573830768	414.779091000469	629.998617475025	-1.6822839126334	0.427719117979882	-3.93315108424153	8.3839503750662e-05	0.00939068981296105
ENSMUSG00000024109	Nrxn1	chr17:90033630-91093071	53.8992819045451	7.68953548799444	162.456608023606	215.45469449191	109.875029977014	2.58163247147126	0.65613370529161	3.9346134037176	8.33307166813274e-05	0.00939068981296105
ENSMUSG00000031995	St14	chr9:31089401-31131853	89.5557299337057	38.4476774399722	8.75991513852779	4.60865656667188	35.3429947697194	-3.23751367491519	0.830260462471327	-3.89939521542253	9.64332591523943e-05	0.010716240837935
ENSMUSG00000024330	Col11a2	chr17:34039436-34066685	9.12141693769225	44.8556236799675	137.769574451392	165.911636400188	89.4145628673098	2.5291781250238	0.649613555414872	3.89335798790183	9.88660887891063e-05	0.0108162566750438
ENSMUSG00000042367	Gjb3	chr4:127325234-127330844	51.4116227397199	28.1949634559796	2.38906776505303	0	20.4989134901881	-4.90205994540923	1.25864312730447	-3.89471792207498	9.83130706535814e-05	0.0108162566750438
ENSMUSG00000018166	Erbb3	chr10:128567522-128589652	100.335586314615	34.602909695975	223.776013993301	323.7581238087	170.618158453147	2.0020142114711	0.516773838627498	3.87406262048454	0.000107035889847709	0.011619980872467
ENSMUSG00000048582	Gja3	chr14:57034459-57058100	895.557299337057	1264.92858777508	187.939997517505	488.517596067219	709.235870174217	-1.67840170539554	0.434378422759768	-3.86391592550116	0.000111583641132961	0.0119301509644657
ENSMUSG00000021061	Sptb	chr12:76580487-76710547	407.146883309718	613.881249791556	68.4866092648536	209.693873783571	324.802154037424	-1.88279659686182	0.489898541684923	-3.84323780672272	0.000121421709694875	0.0128843954054418
ENSMUSG00000029123	Stk32b	chr5:37446824-37717171	151.747209054335	80.7401226239416	590.099737968099	248.867454600282	267.863631061664	1.84643474138426	0.485982654150813	3.79938404305941	0.000145056162535494	0.0151642786804698
ENSMUSG00000075316	Scn9a	chr2:66480079-66634952	13.2675155457342	0	67.6902533431693	80.6514899167579	40.4023147014153	3.38420354606219	0.895575678132605	3.77880242696933	0.000157584388169413	0.0162849828810785
ENSMUSG00000041911	Dlx1	chr2:71528112-71533980	42.2902058020277	38.4476774399722	3.18542368673738	2.30432828333594	21.5569088030183	-3.85765814438263	1.02602521451279	-3.75980832616717	0.000170043589250403	0.0172649293172009
ENSMUSG00000030862	Cpxm2	chr7:132032686-132154739	7.46297749447547	2.56317849599814	92.3772869153839	26.4997752583633	32.2258045410552	3.51703529001959	0.939547978496123	3.74332697266731	0.000181599668412269	0.0180384383309393
ENSMUSG00000041237	Pklr	chr3:89136141-89146784	43.9486452452445	83.3033011199397	6.37084737347475	10.3694772750117	35.9980677534177	-2.94130868316122	0.786455477488284	-3.73995574746955	0.00018405265497451	0.0180384383309393
ENSMUSG00000071531	Gprin2	chr14:34185687-34201653	76.2882143879715	62.7978731519546	213.423387011404	214.302530350242	141.703001225393	1.61591232963003	0.431959472585245	3.74088874578654	0.000183370683041563	0.0180384383309393
ENSMUSG00000063804	Lin28b	chr10:45376619-45470201	155.064087940768	461.372129279666	32.6505927890581	101.390444466781	187.619313619068	-2.20944016733402	0.592449395277817	-3.72933145842431	0.000191988471085304	0.0184321992682102
ENSMUSG00000048562	Sp8	chr12:118846328-118852576	53.8992819045451	74.3321763839462	3.98177960842172	12.6738055583477	36.2217608638152	-2.98807378136411	0.80288909206577	-3.72165198268672	0.000197923682062444	0.0187469592278341
ENSMUSG00000021506	Pitx1	chr13:55825050-55836192	55.5577213477619	16.6606602239879	301.818894318367	89.8688030501017	115.976519735054	2.42117571719914	0.65677651489302	3.68645294448983	0.000227401465776385	0.0211139268848824
ENSMUSG00000051111	Sv2c	chr13:95954593-96132577	10.779856380909	10.2527139839926	87.5991513852779	49.5430580917227	39.5436949604755	2.70714665292001	0.737939068969182	3.66852327889563	0.000243955484625218	0.0222646083746036
ENSMUSG00000097789	Gm2115	chr7:84528953-84583531	0.829219721608386	1.28158924799907	74.8574566383284	8.06514899167579	21.2583536499029	5.34972196297931	1.46526317416557	3.65103147154834	0.000261189228664839	0.0236292537445313
ENSMUSG00000031298	Adgrg2	chrX:160390689-160498070	17.4136141537761	24.3501957119824	130.602371156232	70.2820126417462	60.6620484159343	2.28315142221437	0.626089228557295	3.6466869546302	0.000265643223475657	0.0238448158036101
ENSMUSG00000048126	Col6a3	chr1:90765922-90843971	875.656026018456	661.300051967521	3215.68521176138	1227.05481087639	1494.92402515594	1.53129349673576	0.421006563781569	3.63722000669386	0.000275596519076014	0.0244622243630175
ENSMUSG00000036256	Igfbp7	chr5:77349239-77408041	5.8045380512587	6.40794623999536	74.8574566383284	33.4127601083711	30.1206752594884	3.16047353234932	0.870111772728421	3.63226154547821	0.00028094815147201	0.024781382885778
ENSMUSG00000015484	Fam163a	chr1:156075965-156205026	50.5824030181115	30.7581419519777	197.496268577717	115.216414166797	98.5133069286509	1.93304419324619	0.534250079359374	3.61823847656537	0.000296615022314332	0.0260007938504482
ENSMUSG00000050010	Shisa3	chr5:67607881-67613992	87.0680707688805	149.945942015891	17.5198302770556	35.7170883917071	72.5627328633837	-2.16769783146453	0.602541276681955	-3.59759225691808	0.000321176590108332	0.0279800321987586
ENSMUSG00000024593	Megf10	chr18:57133089-57297467	36.485667750769	11.5343032319917	136.176862608023	99.0861161834454	70.8207374435572	2.26194992648668	0.632131263860444	3.57829149704271	0.000345847608742338	0.0297618737937843
ENSMUSG00000028661	Epha8	chr4:136929418-136956816	58.8746002341954	138.4116387839	13.5380506686339	24.1954469750274	58.7549341654391	-2.39600503980703	0.670040373495906	-3.57591144441935	0.000349009789309649	0.0298519706456187
ENSMUSG00000096001	2610528A11Rik	chr14:37102141-37110101	43.1194255236361	62.7978731519546	3.98177960842172	9.21731313334376	29.779097854339	-3.03908254036865	0.851005422584641	-3.57116706864036	0.000355394099363566	0.0298552197876072
ENSMUSG00000027544	Nfatc2	chr2:168476409-168601657	80.4343129960134	49.9819806719638	234.128640975197	179.737606100203	136.070635185844	1.65714108484535	0.464627210211138	3.56660360914357	0.000361637867243188	0.0301999717183617
ENSMUSG00000039629	Strip2	chr6:29917011-29959681	56.3869410693703	33.3213204479759	231.739573210144	112.912085883461	108.589980152738	1.9333986503282	0.542537841946032	3.56361990049078	0.000365775502368971	0.0303658215584311
ENSMUSG00000017491	Rarb	chr14:16430838-16819156	19.9012733186013	15.3790709759889	155.289404728447	46.0865656667188	59.164078672439	2.5104700269186	0.706158218612307	3.55510983339116	0.000377821227515234	0.0310011103716424
ENSMUSG00000027188	Pamr1	chr2:102550011-102643041	4.14609860804193	1.28158924799907	45.3922875360076	32.2605959667032	20.7701428396879	3.76076050437324	1.06630923120086	3.52689482031204	0.000420463756945021	0.0339086000100862
ENSMUSG00000024421	Lama3	chr18:12333818-12583013	19.0720535969929	6.40794623999536	212.62703108972	18.4346262666875	64.1354142983489	3.15701583734445	0.898195946136254	3.51484088847752	0.000440017536510856	0.0352839062089643
ENSMUSG00000053399	Adamts18	chr8:113697125-113848615	76.2882143879715	44.8556236799675	11.1489829035808	6.91298485000782	34.8014514553819	-2.73188179788338	0.778198361597905	-3.510521137919	0.000447229249092179	0.0355416335554143
ENSMUSG00000024521	Pmaip1	chr18:66458603-66465550	3453.70014049893	6664.26408959518	925.365580997208	2492.13103842782	3383.86521237978	-1.56640864997945	0.446940151018507	-3.50473916118266	0.000457054843532405	0.0356376519711206
ENSMUSG00000027525	Phactr3	chr2:178118974-178338492	107.79856380909	130.722103295905	29.4651691023207	35.7170883917071	75.9257311497558	-1.87461655267025	0.534467196312701	-3.50744922345704	0.000452424686640341	0.0356376519711206
ENSMUSG00000036510	Cdh8	chr8:99024470-99416471	25.70581136986	1.28158924799907	101.933557975596	97.9339520417775	56.7137276588081	2.82941437379159	0.807171448466987	3.50534496625882	0.000456016000979464	0.0356376519711206
ENSMUSG00000021720	Rnf180	chr13:105130000-105294815	90.3849496553141	67.9242301439509	242.888556113725	208.541709641903	152.434861388723	1.50656654409984	0.430370916033332	3.50062350398964	0.000464171102410017	0.035796976876025
ENSMUSG00000039457	Ppl	chr16:5086290-5132421	38.9733269155941	34.602909695975	3.98177960842172	1.15216414166797	19.6775450904147	-3.77211767099415	1.07880770994895	-3.49656165432173	0.000471295570639506	0.0361390514287605
ENSMUSG00000074622	Mafb	chr2:160363702-160367065	705.665983088737	379.350417407725	2245.72369914985	918.274820909372	1062.25373013892	1.54284948906151	0.441421040615634	3.49518792060694	0.000473728088593545	0.0361390514287605
ENSMUSG00000033450	Tagap	chr17:7925999-7934897	1.65843944321677	0	86.8027954635935	2.30432828333594	22.6913907975366	5.57494520569329	1.60707900240282	3.46899262410741	0.00052241379635861	0.0386011827644454
ENSMUSG00000067578	Cbln4	chr2:172036232-172043466	250.424355925733	510.072520703631	15.1307625120025	137.107532858488	228.183792999964	-2.33142459927626	0.675805617197224	-3.44984495533701	0.000560908599702414	0.0403882809571437
ENSMUSG00000027276	Jag1	chr2:137081455-137116644	1412.16118589908	3294.96595660562	465.071858263657	1116.44705327626	1572.16151351115	-1.57430240306828	0.458742902566349	-3.43177495338052	0.000599644934008677	0.0427413583518407
ENSMUSG00000040170	Fmo2	chr1:162874316-162898712	46.4363044100696	98.6823720959286	16.7234743553712	5.76082070833985	41.9007428924273	-2.65045619114486	0.773150523047055	-3.42812442355879	0.000607766839430406	0.0431025799240267
ENSMUSG00000009246	Trpm5	chr7:143069152-143094642	11.6090761025174	10.2527139839926	93.1736428370683	40.3257449583789	38.8402944704893	2.61092369255405	0.763975885086989	3.41754725969755	0.000631881225687558	0.0443668643687985
ENSMUSG00000020159	Gabrp	chr11:33550780-33578959	51.4116227397199	39.7292666879712	7.1672032951591	0	24.5770231807126	-3.57024802445953	1.04465548647098	-3.4176320047104	0.000631684531262708	0.0443668643687985
ENSMUSG00000027800	Tm4sf1	chr3:57285610-57301988	37.3148874723774	26.9133742079805	179.180082378977	79.4993257750899	80.7269174586063	2.00572234111508	0.588164401810258	3.41013895934852	0.000649297880865025	0.0453640643200401
ENSMUSG00000063626	Unc5d	chr8:28646716-29219636	21.559712761818	15.3790709759889	77.2465244033814	88.7166389084337	50.7254867624055	2.15286816827188	0.633190878980241	3.40003029061172	0.000673783885852863	0.046613294024713
ENSMUSG00000024987	Cyp26a1	chr19:37697807-37701528	40.6317663588109	19.2238387199861	0	2.30432828333594	15.5399833405332	-4.8880707441336	1.44647981594411	-3.37928721179091	0.00072674041608948	0.0491608792031474
ENSMUSG00000036523	Greb1	chr12:16670614-16800886	1583.80966827202	3282.15006412562	440.384824691442	1208.6201846097	1628.7411854247	-1.56207780935319	0.46247453753891	-3.37765148686001	0.000731076725430434	0.0491608792031474
ENSMUSG00000062760	1810041L15Rik	chr15:84379202-84447097	9.95063665930063	6.40794623999536	101.137202053912	25.3476111166953	35.7108490174758	2.93854600385078	0.870353228632638	3.37626828646038	0.00073476233400802	0.0491608792031474
ENSMUSG00000073530	Pappa2	chr1:158711726-158958367	101.994025757831	73.0505871359471	354.378385149533	175.128949533531	176.137986894211	1.59459724019446	0.472039908398407	3.37809835953235	0.000729889685279899	0.0491608792031474
ENSMUSG00000102697	Pcdhac2	chr18:37143502-37187657	20.7304930402097	2.56317849599814	113.878896800861	51.8473863750587	47.2549886780319	2.77814999949738	0.823148837438671	3.37502754440125	0.000738083031351341	0.0491608792031474
ENSMUSG00000019866	Crybg1	chr10:43950635-44148853	423.731277741885	126.877335551908	904.660327033415	759.276169359192	553.6362774216	1.58988935823563	0.471717973910111	3.37042352882358	0.000750527337632953	0.0497286024226003
